time,acc_x,acc_y,acc_z,mag_x,mag_y,mag_z,gyr_x,gyr_y,gyr_z,ori_z,ori_y,ori_x,q,p1,p2,p3,A0,A1,A2
1589997306.2706988,-3.89,-0.97,8.95,0.29777777777777775,-0.3388888888888889,-0.6233333333333333,0.0,-0.002181661564992912,-0.002181661564992912,3.2670381935768855,-0.40469822030618513,0.10581058590215622,0.061767578125,-0.204345703125,-0.03717041015625,0.97625732421875,0.33337121366189926,0.5350083920716681,0.1383947648756455
1589997306.280743,-3.91,-0.98,8.97,0.29777777777777775,-0.3388888888888889,-0.6233333333333333,-0.001090830782496456,-0.001090830782496456,0.001090830782496456,3.2670381935768855,-0.40469822030618513,0.10581058590215622,0.061767578125,-0.204345703125,-0.03717041015625,0.97625732421875,0.33337121366189926,0.5350083920716681,0.13546571420196252
1589997306.292081,-3.91,-0.97,8.87,0.29777777777777775,-0.3388888888888889,-0.6233333333333333,0.0,0.004363323129985824,0.0,3.2670381935768855,-0.40469822030618513,0.10581058590215622,0.061767578125,-0.20440673828125,-0.03717041015625,0.97625732421875,0.316711414149526,0.45321431320689676,0.1375336592135079
1589997306.3013105,-3.92,-0.93,8.93,0.29777777777777775,-0.3388888888888889,-0.6233333333333333,0.0032724923474893677,0.001090830782496456,0.0,3.2670381935768855,-0.40469822030618513,0.10581058590215622,0.061767578125,-0.20440673828125,-0.03717041015625,0.97625732421875,0.316711414149526,0.45321431320689676,0.1375336592135079
1589997306.3135855,-3.9,-0.91,8.93,0.29777777777777775,-0.3388888888888889,-0.6233333333333333,0.002181661564992912,0.002181661564992912,0.0032724923474893677,3.2670381935768855,-0.40469822030618513,0.10581058590215622,0.061767578125,-0.20440673828125,-0.03717041015625,0.97625732421875,0.3187595953260988,0.3890400161097513,0.1371068530957331
1589997306.3247538,-3.93,-0.91,8.95,0.31222222222222223,-0.3466666666666667,-0.6166666666666667,0.001090830782496456,0.001090830782496456,0.0,3.2670381935768855,-0.40469822030618513,0.10581058590215622,0.061767578125,-0.20440673828125,-0.037109375,0.97625732421875,0.3248417572103921,0.45321431320689676,0.13796295602243508
1589997306.3307528,-3.91,-0.95,8.83,0.31222222222222223,-0.3466666666666667,-0.6166666666666667,0.0,0.004363323129985824,-0.001090830782496456,3.2670381935768855,-0.40469822030618513,0.10581058590215622,0.061767578125,-0.20440673828125,-0.037109375,0.97625732421875,0.3248417572103921,0.45321431320689676,0.13796295602243508
1589997306.3443198,-3.91,-0.97,8.73,0.31222222222222223,-0.3466666666666667,-0.6166666666666667,0.002181661564992912,0.0032724923474893677,0.0,3.2670381935768855,-0.40469822030618513,0.10581058590215622,0.061767578125,-0.20440673828125,-0.037109375,0.97625732421875,0.35424139487837897,0.44194471376482086,0.1375336592135079
1589997306.3499925,-3.89,-0.95,8.82,0.31222222222222223,-0.3466666666666667,-0.6166666666666667,0.001090830782496456,0.0,0.002181661564992912,3.2670381935768855,-0.40469822030618513,0.10581058590215622,0.061767578125,-0.20440673828125,-0.037109375,0.9761962890625,0.35424139487837897,0.44194471376482086,0.1375336592135079
1589997306.3654325,-3.92,-0.95,8.89,0.31222222222222223,-0.3466666666666667,-0.6166666666666667,0.002181661564992912,0.002181661564992912,0.001090830782496456,3.2670381935768855,-0.40469822030618513,0.10581058590215622,0.061767578125,-0.20440673828125,-0.037109375,0.9761962890625,0.282659406116019,0.3982094308317678,0.1371068530957331
1589997306.3714256,-3.91,-0.94,8.97,0.3055555555555556,-0.3388888888888889,-0.6166666666666667,0.001090830782496456,0.004363323129985824,0.002181661564992912,3.2670381935768855,-0.40469822030618513,0.10581058590215622,0.061767578125,-0.2044677734375,-0.037109375,0.9761962890625,0.282659406116019,0.3982094308317678,0.1371068530957331
1589997306.3829505,-3.9,-0.91,8.97,0.3055555555555556,-0.3388888888888889,-0.6166666666666667,0.002181661564992912,0.006544984694978735,0.002181661564992912,3.2670381935768855,-0.40469822030618513,0.10581058590215622,0.061767578125,-0.2044677734375,-0.037109375,0.9761962890625,0.2962453376934545,0.40103947453341987,0.1375336592135079
1589997306.3910835,-3.92,-0.93,8.89,0.3055555555555556,-0.3388888888888889,-0.6166666666666667,0.00545415391248228,0.0,-0.001090830782496456,3.2670381935768855,-0.40469822030618513,0.10581058590215622,0.061767578125,-0.2044677734375,-0.037109375,0.9761962890625,0.2962453376934545,0.40103947453341987,0.1375336592135079
1589997306.4009748,-3.91,-0.94,8.94,0.3055555555555556,-0.3388888888888889,-0.6166666666666667,0.002181661564992912,0.002181661564992912,-0.002181661564992912,3.2670381935768855,-0.40469822030618513,0.10581058590215622,0.061767578125,-0.2044677734375,-0.037109375,0.9761962890625,0.2909449891581246,0.40103947453341987,0.1375336592135079
1589997306.4135985,-3.92,-0.96,8.94,0.3055555555555556,-0.3388888888888889,-0.6166666666666667,0.002181661564992912,0.002181661564992912,0.0,3.2670381935768855,-0.40469822030618513,0.10581058590215622,0.061767578125,-0.2044677734375,-0.037109375,0.9761962890625,0.2909449891581246,0.3982094308317678,0.13796295602243508
1589997306.4215193,-3.89,-0.97,8.94,0.2911111111111111,-0.3466666666666667,-0.6022222222222222,0.002181661564992912,0.0,0.0,3.2670381935768855,-0.40469822030618513,0.10581058590215622,0.061767578125,-0.2044677734375,-0.037109375,0.9761962890625,0.33136596019053416,0.41075044065421673,0.13796295602243508
1589997306.4310296,-3.91,-0.95,8.94,0.2911111111111111,-0.3466666666666667,-0.6022222222222222,0.0,0.00545415391248228,0.0,3.2670381935768855,-0.40469822030618513,0.10581058590215622,0.061767578125,-0.2044677734375,-0.037109375,0.9761962890625,0.33136596019053416,0.41075044065421673,0.1375336592135079
1589997306.4428887,-3.88,-0.92,8.77,0.2911111111111111,-0.3466666666666667,-0.6022222222222222,0.0,0.0032724923474893677,0.001090830782496456,3.2670381935768855,-0.40469822030618513,0.10581058590215622,0.061767578125,-0.2044677734375,-0.037109375,0.9761962890625,0.2893893153577334,0.4492681034496481,0.1375336592135079
1589997306.4506788,-3.91,-0.9,8.82,0.2911111111111111,-0.3466666666666667,-0.6022222222222222,-0.002181661564992912,0.0,-0.004363323129985824,3.2670381935768855,-0.40469822030618513,0.10581058590215622,0.061767578125,-0.2044677734375,-0.037109375,0.9761962890625,0.2893893153577334,0.4492681034496481,0.1375336592135079
1589997306.463613,-3.93,-0.88,8.86,0.2911111111111111,-0.3466666666666667,-0.6022222222222222,-0.0032724923474893677,-0.00545415391248228,-0.0032724923474893677,3.2670381935768855,-0.40469822030618513,0.10581058590215622,0.061767578125,-0.2044677734375,-0.037109375,0.9761962890625,0.31468770072761004,0.4650333589250033,0.13796295602243508
1589997306.4740765,-3.9,-0.97,8.95,0.31222222222222223,-0.3388888888888889,-0.6377777777777778,-0.002181661564992912,-0.009817477042468103,-0.001090830782496456,3.2670381935768855,-0.40469822030618513,0.10581058590215622,0.061767578125,-0.20452880859375,-0.037109375,0.9761962890625,0.27637402339506756,0.4492681034496481,0.13796295602243508
1589997306.4807053,-3.93,-0.97,8.94,0.31222222222222223,-0.3388888888888889,-0.6377777777777778,-0.0032724923474893677,-0.014180800172453926,-0.0032724923474893677,3.2670381935768855,-0.40469822030618513,0.10581058590215622,0.061767578125,-0.2044677734375,-0.037109375,0.9761962890625,0.27637402339506756,0.4492681034496481,0.13966141670102086
1589997306.4959276,-3.89,-0.97,8.89,0.31222222222222223,-0.3388888888888889,-0.6377777777777778,-0.00545415391248228,-0.015271630954950384,-0.002181661564992912,3.2670381935768855,-0.40469822030618513,0.10581058590215622,0.061767578125,-0.204345703125,-0.037109375,0.97625732421875,0.316711414149526,0.46924345517404525,0.1375336592135079
1589997306.5026536,-3.9,-0.97,8.93,0.31222222222222223,-0.3388888888888889,-0.6377777777777778,-0.001090830782496456,-0.011999138607461015,0.0,3.2670381935768855,-0.40469822030618513,0.10581058590215622,0.061767578125,-0.204345703125,-0.037109375,0.97625732421875,0.316711414149526,0.46924345517404525,0.1375336592135079
1589997306.516151,-3.9,-0.96,8.98,0.31222222222222223,-0.3388888888888889,-0.6377777777777778,0.0,-0.008726646259971648,0.0,3.2670381935768855,-0.40469822030618513,0.10581058590215622,0.061767578125,-0.204345703125,-0.037109375,0.97625732421875,0.2795642795680213,0.4381793078164114,0.11795092836349685
1589997306.522797,-3.91,-0.92,8.96,0.3055555555555556,-0.3388888888888889,-0.6088888888888889,0.0032724923474893677,-0.0032724923474893677,-0.001090830782496456,3.2670381935768855,-0.40469822030618513,0.10581058590215622,0.061767578125,-0.204345703125,-0.037109375,0.97625732421875,0.2795642795680213,0.4381793078164114,0.11795092836349685
1589997306.5323582,-3.9,-0.93,8.94,0.3055555555555556,-0.3388888888888889,-0.6088888888888889,0.00545415391248228,-0.002181661564992912,-0.001090830782496456,3.2670381935768855,-0.40469822030618513,0.10581058590215622,0.061767578125,-0.204345703125,-0.037109375,0.97625732421875,0.26883851941761866,0.4492681034496481,0.11795092836349685
1589997306.5410914,-3.9,-0.92,8.81,0.3055555555555556,-0.3388888888888889,-0.6088888888888889,0.004363323129985824,-0.001090830782496456,-0.001090830782496456,3.2670381935768855,-0.40469822030618513,0.10581058590215622,0.06170654296875,-0.204345703125,-0.037109375,0.97625732421875,0.26883851941761866,0.4492681034496481,0.1375336592135079
1589997306.5514407,-3.89,-0.94,8.81,0.3055555555555556,-0.3388888888888889,-0.6088888888888889,0.00545415391248228,-0.002181661564992912,-0.001090830782496456,3.2670381935768855,-0.40469822030618513,0.10581058590215622,0.06170654296875,-0.204345703125,-0.037109375,0.97625732421875,0.27496052092173096,0.4492681034496481,0.1375336592135079
1589997306.5639515,-3.91,-0.94,8.85,0.3055555555555556,-0.3388888888888889,-0.6088888888888889,0.001090830782496456,-0.006544984694978735,0.0,3.2670381935768855,-0.40469822030618513,0.10581058590215622,0.06170654296875,-0.204345703125,-0.037109375,0.97625732421875,0.27496052092173096,0.41713108403018173,0.11580393459648883
1589997306.57234,-3.9,-0.96,8.91,0.29777777777777775,-0.3388888888888889,-0.6311111111111111,0.001090830782496456,-0.011999138607461015,-0.002181661564992912,3.2670381935768855,-0.40469822030618513,0.10581058590215622,0.06170654296875,-0.20428466796875,-0.037109375,0.97625732421875,0.31090853643828664,0.4074650127970809,0.11580393459648883
1589997306.581289,-3.87,-0.93,8.88,0.29777777777777775,-0.3388888888888889,-0.6311111111111111,0.006544984694978735,-0.019634954084936207,0.0032724923474893677,3.2670381935768855,-0.40469822030618513,0.10581058590215622,0.06170654296875,-0.2042236328125,-0.037109375,0.97625732421875,0.31090853643828664,0.4074650127970809,0.1371068530957331
1589997306.5927565,-3.87,-0.94,8.88,0.29777777777777775,-0.3388888888888889,-0.6311111111111111,0.006544984694978735,-0.020725784867432664,0.001090830782496456,3.2670381935768855,-0.40469822030618513,0.10581058590215622,0.06170654296875,-0.2041015625,-0.037109375,0.976318359375,0.3015432709413334,0.4778809308314024,0.13546571420196252
1589997306.6013012,-3.87,-0.96,8.89,0.29777777777777775,-0.3388888888888889,-0.6311111111111111,0.007635815477475192,-0.01090830782496456,0.0,3.2670381935768855,-0.40469822030618513,0.10581058590215622,0.06170654296875,-0.20404052734375,-0.037109375,0.976318359375,0.3015432709413334,0.4778809308314024,0.13546571420196252
1589997306.6140034,-3.87,-0.97,8.96,0.29777777777777775,-0.3388888888888889,-0.6311111111111111,0.0032724923474893677,-0.004363323129985824,-0.001090830782496456,3.2670381935768855,-0.40469822030618513,0.10581058590215622,0.06170654296875,-0.20404052734375,-0.037109375,0.976318359375,0.3805443575158459,0.2811853495413832,0.1371068530957331
1589997306.6226606,-3.89,-0.95,8.98,0.29777777777777775,-0.32,-0.6088888888888889,0.0,-0.00545415391248228,0.0,3.2670381935768855,-0.40469822030618513,0.10581058590215622,0.06170654296875,-0.20404052734375,-0.037109375,0.976318359375,0.3805443575158459,0.2811853495413832,0.1371068530957331
1589997306.6316748,-3.88,-0.95,8.92,0.29777777777777775,-0.32,-0.6088888888888889,0.004363323129985824,-0.00545415391248228,-0.002181661564992912,3.2670381935768855,-0.40469822030618513,0.10581058590215622,0.06170654296875,-0.20404052734375,-0.037109375,0.976318359375,0.2811853495413832,0.35199575785121906,0.13505081163430918
1589997306.6464882,-3.88,-0.93,8.79,0.29777777777777775,-0.32,-0.6088888888888889,0.006544984694978735,-0.002181661564992912,0.002181661564992912,3.2670381935768855,-0.40469822030618513,0.10581058590215622,0.06170654296875,-0.2041015625,-0.037109375,0.976318359375,0.35199575785121906,0.2978707932085081,0.13467942577200356
1589997306.6523035,-3.89,-0.94,8.82,0.29777777777777775,-0.32,-0.6088888888888889,0.002181661564992912,0.001090830782496456,0.0,3.2670381935768855,-0.40469822030618513,0.10581058590215622,0.06170654296875,-0.2041015625,-0.037109375,0.976318359375,0.35199575785121906,0.2978707932085081,0.13467942577200356
1589997306.6685266,-3.89,-0.91,8.84,0.29777777777777775,-0.32,-0.6088888888888889,0.001090830782496456,0.0032724923474893677,0.002181661564992912,3.2670381935768855,-0.40469822030618513,0.10581058590215622,0.06170654296875,-0.2041015625,-0.037109375,0.976318359375,0.28598735499456934,0.3248417572103921,0.1371068530957331
1589997306.6752198,-3.9,-0.94,8.89,0.3055555555555556,-0.3388888888888889,-0.6311111111111111,0.001090830782496456,0.00545415391248228,0.0,3.2670381935768855,-0.40469822030618513,0.10581058590215622,0.06170654296875,-0.2041015625,-0.037109375,0.976318359375,0.28598735499456934,0.3248417572103921,0.1371068530957331
1589997306.686148,-3.9,-0.93,8.92,0.3055555555555556,-0.3388888888888889,-0.6311111111111111,0.0,0.006544984694978735,0.002181661564992912,3.2670381935768855,-0.40469822030618513,0.10581058590215622,0.06170654296875,-0.2041015625,-0.037109375,0.976318359375,0.33136596019053416,0.461304233506186,0.13546571420196252
1589997306.692183,-3.88,-0.94,8.88,0.3055555555555556,-0.3388888888888889,-0.6311111111111111,0.004363323129985824,0.00545415391248228,0.002181661564992912,3.2670381935768855,-0.40469822030618513,0.10581058590215622,0.06170654296875,-0.2041015625,-0.037109375,0.976318359375,0.33136596019053416,0.461304233506186,0.13546571420196252
1589997306.7056322,-3.88,-0.93,8.96,0.3055555555555556,-0.3388888888888889,-0.6311111111111111,0.002181661564992912,0.004363323129985824,0.0,3.2670381935768855,-0.40469822030618513,0.10581058590215622,0.06170654296875,-0.2041015625,-0.037109375,0.976318359375,0.28431427739652515,0.4457710691193347,0.13386092280974132
1589997306.7142313,-3.89,-0.95,9.0,0.3055555555555556,-0.3388888888888889,-0.6311111111111111,0.00545415391248228,0.007635815477475192,0.0,3.2670381935768855,-0.40469822030618513,0.10581058590215622,0.06170654296875,-0.2041015625,-0.037109375,0.976318359375,0.28431427739652515,0.4457710691193347,0.13386092280974132
1589997306.7255573,-3.88,-0.93,8.98,0.29777777777777775,-0.3388888888888889,-0.6088888888888889,0.0032724923474893677,0.004363323129985824,0.002181661564992912,3.2670381935768855,-0.40469822030618513,0.10581058590215622,0.06170654296875,-0.2041015625,-0.037109375,0.976318359375,0.2962453376934545,0.4778809308314024,0.1228559813875263
1589997306.7315388,-3.89,-0.92,8.91,0.29777777777777775,-0.3388888888888889,-0.6088888888888889,0.008726646259971648,0.008726646259971648,0.002181661564992912,3.2670381935768855,-0.40469822030618513,0.10581058590215622,0.06170654296875,-0.2041015625,-0.037109375,0.976318359375,0.2962453376934545,0.4778809308314024,0.1228559813875263
1589997306.7416518,-3.88,-0.91,8.83,0.29777777777777775,-0.3388888888888889,-0.6088888888888889,0.00545415391248228,0.01090830782496456,0.001090830782496456,3.2670381935768855,-0.40469822030618513,0.10581058590215622,0.06170654296875,-0.20416259765625,-0.037109375,0.97625732421875,0.2162394792512031,0.4275914443905159,0.1228559813875263
1589997306.7519789,-3.89,-0.93,8.79,0.29777777777777775,-0.3388888888888889,-0.6088888888888889,0.002181661564992912,0.007635815477475192,0.0,3.2670381935768855,-0.40469822030618513,0.10581058590215622,0.06170654296875,-0.20416259765625,-0.037109375,0.97625732421875,0.2162394792512031,0.4275914443905159,0.12351788546133634
1589997306.7643962,-3.89,-0.92,8.86,0.29777777777777775,-0.3388888888888889,-0.6088888888888889,-0.002181661564992912,0.004363323129985824,0.002181661564992912,3.2670381935768855,-0.40469822030618513,0.10581058590215622,0.06170654296875,-0.20416259765625,-0.037109375,0.97625732421875,0.2962453376934545,0.4240506381044018,0.12634297862979976
1589997306.7720232,-3.88,-0.93,8.9,0.3055555555555556,-0.3388888888888889,-0.6233333333333333,-0.0032724923474893677,0.0,0.00545415391248228,3.2670381935768855,-0.40469822030618513,0.10581058590215622,0.06170654296875,-0.20416259765625,-0.037109375,0.97625732421875,0.2962453376934545,0.4240506381044018,0.12634297862979976
1589997306.7815983,-3.89,-0.92,8.89,0.3055555555555556,-0.3388888888888889,-0.6233333333333333,-0.006544984694978735,0.0,0.0032724923474893677,3.2670381935768855,-0.40469822030618513,0.10581058590215622,0.06170654296875,-0.20416259765625,-0.037109375,0.97625732421875,0.2162394792512031,0.40103947453341987,0.12634297862979976
1589997306.792775,-3.86,-0.92,8.82,0.3055555555555556,-0.3388888888888889,-0.6233333333333333,-0.008726646259971648,0.006544984694978735,0.002181661564992912,3.2670381935768855,-0.40469822030618513,0.10581058590215622,0.06170654296875,-0.20416259765625,-0.037109375,0.97625732421875,0.2162394792512031,0.40103947453341987,0.13588300621652982
1589997306.8029158,-3.88,-0.97,8.95,0.3055555555555556,-0.3388888888888889,-0.6233333333333333,-0.016362461737446838,0.017453292519943295,0.002181661564992912,3.2670381935768855,-0.40469822030618513,0.10581058590215622,0.06170654296875,-0.2042236328125,-0.03717041015625,0.97625732421875,0.2962453376934545,0.4074650127970809,0.13588300621652982
1589997306.818509,-3.88,-0.97,8.99,0.3055555555555556,-0.3388888888888889,-0.6233333333333333,-0.017453292519943295,0.02399827721492203,0.001090830782496456,3.2670381935768855,-0.40469822030618513,0.10581058590215622,0.06170654296875,-0.204345703125,-0.03729248046875,0.97625732421875,0.26311038413585025,0.39510843012815433,0.14010323114733103
1589997306.8249419,-3.89,-0.96,9.03,0.3055555555555556,-0.3322222222222222,-0.6377777777777778,-0.017453292519943295,0.025089107997418484,0.0032724923474893677,3.2670381935768855,-0.40469822030618513,0.10690141668465267,0.06170654296875,-0.2044677734375,-0.037353515625,0.9761962890625,0.26311038413585025,0.39510843012815433,0.1383947648756455
1589997306.8324132,-3.91,-0.92,8.93,0.3055555555555556,-0.3322222222222222,-0.6377777777777778,-0.014180800172453926,0.025089107997418484,0.0032724923474893677,3.2670381935768855,-0.40578905108868163,0.10690141668465267,0.0616455078125,-0.20458984375,-0.03741455078125,0.9761962890625,0.26311038413585025,0.39510843012815433,0.1383947648756455
1589997306.8436654,-3.88,-0.87,8.75,0.3055555555555556,-0.3322222222222222,-0.6377777777777778,-0.01308996938995747,0.02617993877991494,0.00545415391248228,3.2670381935768855,-0.40578905108868163,0.10690141668465267,0.0616455078125,-0.20477294921875,-0.0374755859375,0.97613525390625,0.30895340572783037,0.41075044065421673,0.13922219991869933
1589997306.8562007,-3.93,-0.9,8.83,0.3055555555555556,-0.3322222222222222,-0.6377777777777778,-0.02181661564992912,0.030543261909900768,0.007635815477475192,3.2670381935768855,-0.40578905108868163,0.10690141668465267,0.0616455078125,-0.20489501953125,-0.03753662109375,0.97613525390625,0.3834344053953583,0.4042283755220455,0.1371068530957331
1589997306.8640738,-3.89,-0.91,8.78,0.3055555555555556,-0.3322222222222222,-0.6377777777777778,-0.03599741582238304,0.03490658503988659,0.007635815477475192,3.2670381935768855,-0.40578905108868163,0.10690141668465267,0.0616455078125,-0.205078125,-0.0377197265625,0.97607421875,0.3834344053953583,0.4042283755220455,0.1371068530957331
1589997306.8761752,-3.93,-0.94,8.83,0.3055555555555556,-0.3322222222222222,-0.6311111111111111,-0.04581489286485115,0.044724062082354694,0.00545415391248228,3.2670381935768855,-0.40687988187117813,0.10799224746714915,0.06158447265625,-0.205322265625,-0.03790283203125,0.97601318359375,0.45722582472554457,0.4381793078164114,0.14010323114733103
1589997306.8825352,-3.92,-0.98,8.86,0.3055555555555556,-0.3322222222222222,-0.6311111111111111,-0.05563236990731925,0.04908738521234052,0.00545415391248228,3.2670381935768855,-0.40687988187117813,0.10799224746714915,0.0615234375,-0.20556640625,-0.03814697265625,0.9759521484375,0.45722582472554457,0.4381793078164114,0.14010323114733103
1589997306.8958125,-3.92,-0.99,8.81,0.3055555555555556,-0.3322222222222222,-0.6311111111111111,-0.05017821599483697,0.04799655442984406,0.004363323129985824,3.2670381935768855,-0.40797071265367457,0.1090830782496456,0.06146240234375,-0.205810546875,-0.03839111328125,0.97589111328125,0.2876789338815911,0.4240506381044018,0.1375336592135079
1589997306.9024215,-3.92,-0.96,8.9,0.3055555555555556,-0.3322222222222222,-0.6311111111111111,-0.03599741582238304,0.04036073895236887,0.0,3.2670381935768855,-0.40797071265367457,0.1090830782496456,0.06146240234375,-0.20599365234375,-0.03857421875,0.975830078125,0.2876789338815911,0.4240506381044018,0.1375336592135079
1589997306.9161308,-3.91,-0.97,8.97,0.3055555555555556,-0.3322222222222222,-0.6311111111111111,-0.03599741582238304,0.042542400517361786,0.0,3.2670381935768855,-0.40797071265367457,0.11017390903214205,0.06146240234375,-0.20623779296875,-0.0386962890625,0.975830078125,0.34953162930465587,0.4381793078164114,0.11795092836349685
1589997306.9229426,-3.94,-0.96,9.04,0.31777777777777777,-0.32666666666666666,-0.6088888888888889,-0.039269908169872414,0.0545415391248228,-0.006544984694978735,3.2670381935768855,-0.409061543436171,0.11017390903214205,0.0614013671875,-0.20648193359375,-0.03887939453125,0.97576904296875,0.34953162930465587,0.4381793078164114,0.11795092836349685
1589997306.935401,-4.03,-0.96,9.08,0.31777777777777777,-0.32666666666666666,-0.6088888888888889,-0.032724923474893676,0.0545415391248228,-0.014180800172453926,3.2670381935768855,-0.409061543436171,0.11017390903214205,0.06146240234375,-0.20672607421875,-0.0390625,0.9757080078125,0.4823119900107394,0.4275914443905159,0.1371068530957331
1589997306.942627,-3.98,-0.98,8.91,0.31777777777777777,-0.32666666666666666,-0.6088888888888889,-0.015271630954950384,0.03381575425739013,-0.014180800172453926,3.2670381935768855,-0.41015237421866746,0.11017390903214205,0.0615234375,-0.2069091796875,-0.03912353515625,0.97564697265625,0.4823119900107394,0.4275914443905159,0.1371068530957331
1589997306.9531484,-3.94,-1.01,8.89,0.31777777777777777,-0.32666666666666666,-0.6088888888888889,-0.002181661564992912,0.00545415391248228,-0.002181661564992912,3.2670381935768855,-0.41015237421866746,0.11017390903214205,0.0615234375,-0.2069091796875,-0.03912353515625,0.97564697265625,0.6574095658941735,0.5350083920716681,0.11608388778408868
1589997306.9685895,-3.91,-0.99,8.86,0.31777777777777777,-0.32666666666666666,-0.6088888888888889,0.001090830782496456,-0.01090830782496456,-0.0032724923474893677,3.2670381935768855,-0.41015237421866746,0.11017390903214205,0.0615234375,-0.20684814453125,-0.03912353515625,0.97564697265625,0.3379095440748334,0.5096043784948763,0.11608388778408868
1589997306.9752734,-3.94,-0.99,8.87,0.3055555555555556,-0.3322222222222222,-0.6233333333333333,0.001090830782496456,-0.014180800172453926,-0.001090830782496456,3.2670381935768855,-0.409061543436171,0.11017390903214205,0.0615234375,-0.206787109375,-0.03912353515625,0.97564697265625,0.3379095440748334,0.5096043784948763,0.1371068530957331
1589997306.9829488,-3.93,-0.96,8.81,0.3055555555555556,-0.3322222222222222,-0.6233333333333333,0.001090830782496456,-0.019634954084936207,0.001090830782496456,3.2670381935768855,-0.409061543436171,0.11017390903214205,0.0615234375,-0.20672607421875,-0.03912353515625,0.9757080078125,0.3379095440748334,0.5096043784948763,0.1371068530957331
1589997306.992888,-3.94,-0.98,8.74,0.3055555555555556,-0.3322222222222222,-0.6233333333333333,0.0032724923474893677,-0.016362461737446838,0.001090830782496456,3.2670381935768855,-0.409061543436171,0.11017390903214205,0.0615234375,-0.20660400390625,-0.03912353515625,0.9757080078125,0.44194471376482086,0.5569797040159007,0.13546571420196252
1589997307.0058177,-3.93,-0.98,8.79,0.3055555555555556,-0.3322222222222222,-0.6233333333333333,0.002181661564992912,-0.008726646259971648,0.001090830782496456,3.2670381935768855,-0.409061543436171,0.11017390903214205,0.0615234375,-0.20660400390625,-0.03912353515625,0.9757080078125,0.32083268013065175,0.5569797040159007,0.13546571420196252
1589997307.0158596,-3.95,-0.97,8.93,0.3055555555555556,-0.3322222222222222,-0.6233333333333333,0.001090830782496456,0.0,-0.001090830782496456,3.2670381935768855,-0.409061543436171,0.11017390903214205,0.0615234375,-0.20660400390625,-0.03912353515625,0.9757080078125,0.32083268013065175,0.4956071854791829,0.1383947648756455
1589997307.0274994,-3.94,-0.97,8.96,0.3055555555555556,-0.35333333333333333,-0.6166666666666667,0.0032724923474893677,0.0032724923474893677,0.0,3.2670381935768855,-0.409061543436171,0.11017390903214205,0.0615234375,-0.20660400390625,-0.03912353515625,0.9757080078125,0.32083268013065175,0.41408574428279465,0.13668251655446575
1589997307.0342839,-3.93,-0.97,8.96,0.3055555555555556,-0.35333333333333333,-0.6166666666666667,0.001090830782496456,0.00545415391248228,-0.001090830782496456,3.2670381935768855,-0.409061543436171,0.11017390903214205,0.0615234375,-0.20660400390625,-0.03912353515625,0.9757080078125,0.32083268013065175,0.41408574428279465,0.13668251655446575
1589997307.0473142,-3.94,-0.93,8.86,0.3055555555555556,-0.35333333333333333,-0.6166666666666667,-0.0032724923474893677,0.004363323129985824,0.0,3.2670381935768855,-0.409061543436171,0.11017390903214205,0.0615234375,-0.20660400390625,-0.03912353515625,0.9757080078125,0.2779605947898692,0.49094599362502317,0.13796295602243508
1589997307.053317,-3.94,-0.9,8.89,0.3055555555555556,-0.35333333333333333,-0.6166666666666667,-0.01090830782496456,0.008726646259971648,0.001090830782496456,3.2670381935768855,-0.409061543436171,0.1112647398146385,0.06146240234375,-0.20660400390625,-0.0391845703125,0.9757080078125,0.2779605947898692,0.49094599362502317,0.13796295602243508
1589997307.0674012,-3.91,-0.93,8.87,0.3055555555555556,-0.35333333333333333,-0.6166666666666667,-0.01308996938995747,0.00545415391248228,-0.001090830782496456,3.2670381935768855,-0.409061543436171,0.1112647398146385,0.06146240234375,-0.20660400390625,-0.03924560546875,0.9757080078125,0.2962453376934545,0.34232915890069343,0.1383947648756455
1589997307.0735025,-3.93,-0.95,8.86,0.3055555555555556,-0.3322222222222222,-0.6166666666666667,-0.016362461737446838,0.011999138607461015,0.0,3.2670381935768855,-0.409061543436171,0.1112647398146385,0.06146240234375,-0.2066650390625,-0.039306640625,0.9757080078125,0.2962453376934545,0.34232915890069343,0.1383947648756455
1589997307.0870154,-3.92,-1.02,8.79,0.3055555555555556,-0.3322222222222222,-0.6166666666666667,-0.01308996938995747,0.011999138607461015,0.0,3.2670381935768855,-0.409061543436171,0.1112647398146385,0.06146240234375,-0.20672607421875,-0.03936767578125,0.97564697265625,0.27496052092173096,0.4492681034496481,0.1375336592135079
1589997307.093967,-3.96,-1.02,8.74,0.3055555555555556,-0.3322222222222222,-0.6166666666666667,-0.006544984694978735,0.014180800172453926,-0.001090830782496456,3.2670381935768855,-0.409061543436171,0.1112647398146385,0.06146240234375,-0.20684814453125,-0.03936767578125,0.97564697265625,0.27496052092173096,0.4492681034496481,0.1375336592135079
1589997307.106421,-3.95,-1.03,8.85,0.3055555555555556,-0.3322222222222222,-0.6166666666666667,-0.0032724923474893677,0.007635815477475192,0.001090830782496456,3.2670381935768855,-0.409061543436171,0.1112647398146385,0.06146240234375,-0.20684814453125,-0.03936767578125,0.97564697265625,0.2398715985685605,0.3982094308317678,0.13922219991869933
1589997307.1167831,-3.94,-1.02,8.91,0.3055555555555556,-0.3322222222222222,-0.6166666666666667,-0.001090830782496456,0.001090830782496456,0.002181661564992912,3.2670381935768855,-0.409061543436171,0.1112647398146385,0.06146240234375,-0.20684814453125,-0.03936767578125,0.97564697265625,0.2398715985685605,0.3982094308317678,0.13922219991869933
1589997307.1279414,-3.93,-0.97,9.01,0.3244444444444444,-0.3322222222222222,-0.6088888888888889,0.00545415391248228,0.002181661564992912,0.0032724923474893677,3.2670381935768855,-0.409061543436171,0.1112647398146385,0.06146240234375,-0.20684814453125,-0.03936767578125,0.97564697265625,0.25231358798780756,0.41075044065421673,0.1375336592135079
1589997307.1336904,-3.94,-0.94,9.0,0.3244444444444444,-0.3322222222222222,-0.6088888888888889,0.007635815477475192,0.00545415391248228,0.0,3.2670381935768855,-0.409061543436171,0.1112647398146385,0.06146240234375,-0.20684814453125,-0.03936767578125,0.97564697265625,0.25231358798780756,0.41075044065421673,0.1375336592135079
1589997307.1448176,-3.95,-0.96,8.86,0.3244444444444444,-0.3322222222222222,-0.6088888888888889,0.007635815477475192,0.008726646259971648,0.001090830782496456,3.2670381935768855,-0.409061543436171,0.1112647398146385,0.06146240234375,-0.20684814453125,-0.03936767578125,0.97564697265625,0.2162394792512031,0.4042283755220455,0.13966141670102086
1589997307.158188,-3.94,-0.98,8.86,0.3244444444444444,-0.3322222222222222,-0.6088888888888889,0.004363323129985824,0.006544984694978735,0.001090830782496456,3.2670381935768855,-0.409061543436171,0.1112647398146385,0.06146240234375,-0.20684814453125,-0.03936767578125,0.97564697265625,0.250989107954587,0.39510843012815433,0.13966141670102086
1589997307.1665866,-3.94,-1.0,8.85,0.3244444444444444,-0.3322222222222222,-0.6088888888888889,0.004363323129985824,0.01090830782496456,0.0032724923474893677,3.2670381935768855,-0.41015237421866746,0.1112647398146385,0.06146240234375,-0.20684814453125,-0.03936767578125,0.97564697265625,0.250989107954587,0.39510843012815433,0.1371068530957331
1589997307.1734774,-3.95,-0.98,8.84,0.2911111111111111,-0.3322222222222222,-0.6444444444444445,0.002181661564992912,0.007635815477475192,0.002181661564992912,3.2670381935768855,-0.41015237421866746,0.1112647398146385,0.06146240234375,-0.20684814453125,-0.03936767578125,0.97564697265625,0.250989107954587,0.39510843012815433,0.1371068530957331
1589997307.1853075,-3.94,-0.98,8.86,0.2911111111111111,-0.3322222222222222,-0.6444444444444445,0.002181661564992912,0.007635815477475192,0.0032724923474893677,3.2670381935768855,-0.41015237421866746,0.1112647398146385,0.06146240234375,-0.20684814453125,-0.03936767578125,0.97564697265625,0.2909449891581246,0.39510843012815433,0.13966141670102086
1589997307.1934404,-3.96,-0.97,8.78,0.2911111111111111,-0.3322222222222222,-0.6444444444444445,0.004363323129985824,0.004363323129985824,0.002181661564992912,3.2670381935768855,-0.41015237421866746,0.1112647398146385,0.06146240234375,-0.20684814453125,-0.03936767578125,0.97564697265625,0.2909449891581246,0.39510843012815433,0.13966141670102086
1589997307.2046337,-3.97,-0.96,8.9,0.2911111111111111,-0.3322222222222222,-0.6444444444444445,0.0032724923474893677,0.002181661564992912,0.0,3.2670381935768855,-0.41015237421866746,0.1112647398146385,0.06146240234375,-0.20684814453125,-0.03936767578125,0.97564697265625,0.30702113579835705,0.27496052092173096,0.13966141670102086
1589997307.218634,-3.95,-0.96,8.95,0.2911111111111111,-0.3322222222222222,-0.6444444444444445,0.002181661564992912,-0.002181661564992912,0.001090830782496456,3.2670381935768855,-0.41015237421866746,0.1112647398146385,0.06146240234375,-0.20684814453125,-0.03936767578125,0.97564697265625,0.30895340572783037,0.4074650127970809,0.14010323114733103
1589997307.2251258,-3.95,-0.96,8.98,0.3055555555555556,-0.3322222222222222,-0.6166666666666667,0.0,-0.002181661564992912,0.001090830782496456,3.2670381935768855,-0.41015237421866746,0.1112647398146385,0.06146240234375,-0.20684814453125,-0.03936767578125,0.97564697265625,0.30895340572783037,0.4074650127970809,0.14010323114733103
1589997307.2378662,-3.94,-0.97,8.94,0.3055555555555556,-0.3322222222222222,-0.6166666666666667,0.0,0.0,-0.001090830782496456,3.2670381935768855,-0.41015237421866746,0.1112647398146385,0.06146240234375,-0.20684814453125,-0.03936767578125,0.97564697265625,0.31468770072761004,0.2876789338815911,0.11671055785616678
1589997307.2445405,-3.94,-0.97,8.8,0.3055555555555556,-0.3322222222222222,-0.6166666666666667,-0.002181661564992912,-0.0032724923474893677,-0.001090830782496456,3.2670381935768855,-0.41015237421866746,0.1112647398146385,0.06146240234375,-0.20684814453125,-0.03936767578125,0.97564697265625,0.31468770072761004,0.2876789338815911,0.11671055785616678
1589997307.2569773,-3.94,-0.98,8.81,0.3055555555555556,-0.3322222222222222,-0.6166666666666667,-0.002181661564992912,0.001090830782496456,0.002181661564992912,3.2670381935768855,-0.41015237421866746,0.1112647398146385,0.06146240234375,-0.20684814453125,-0.03936767578125,0.97564697265625,0.31090853643828664,0.4074650127970809,0.14010323114733103
1589997307.2673645,-3.95,-0.97,8.87,0.3055555555555556,-0.3322222222222222,-0.6166666666666667,0.001090830782496456,0.001090830782496456,0.001090830782496456,3.2670381935768855,-0.41015237421866746,0.1112647398146385,0.06146240234375,-0.20684814453125,-0.03936767578125,0.97564697265625,0.31090853643828664,0.4074650127970809,0.14010323114733103
1589997307.2789178,-3.95,-0.98,8.88,0.3055555555555556,-0.3322222222222222,-0.6166666666666667,-0.0032724923474893677,0.002181661564992912,-0.001090830782496456,3.2670381935768855,-0.41015237421866746,0.1112647398146385,0.06146240234375,-0.20684814453125,-0.03936767578125,0.97564697265625,0.30702113579835705,0.461304233506186,0.11399950395623827
1589997307.2849422,-3.94,-0.97,8.88,0.3055555555555556,-0.3322222222222222,-0.6166666666666667,-0.001090830782496456,0.0,0.002181661564992912,3.2670381935768855,-0.41015237421866746,0.1112647398146385,0.06146240234375,-0.20684814453125,-0.03936767578125,0.97564697265625,0.30702113579835705,0.461304233506186,0.11399950395623827
1589997307.294321,-3.97,-0.96,8.8,0.3055555555555556,-0.3322222222222222,-0.6166666666666667,-0.002181661564992912,0.0,0.0,3.2670381935768855,-0.41015237421866746,0.1112647398146385,0.06146240234375,-0.20684814453125,-0.03936767578125,0.97564697265625,0.3034114163524859,0.4308257391109686,0.11399950395623827
1589997307.3044386,-3.94,-0.95,8.91,0.3055555555555556,-0.3322222222222222,-0.6166666666666667,0.001090830782496456,-0.001090830782496456,-0.002181661564992912,3.2670381935768855,-0.41015237421866746,0.1112647398146385,0.06146240234375,-0.20684814453125,-0.03936767578125,0.97564697265625,0.3034114163524859,0.4308257391109686,0.14010323114733103
1589997307.3171046,-3.96,-0.97,8.93,0.3055555555555556,-0.3322222222222222,-0.6166666666666667,0.00545415391248228,-0.0032724923474893677,0.002181661564992912,3.2670381935768855,-0.41015237421866746,0.1112647398146385,0.06146240234375,-0.20684814453125,-0.03936767578125,0.97564697265625,0.2978707932085081,0.4778809308314024,0.12182427074236077
1589997307.3239698,-3.94,-0.97,8.95,0.3055555555555556,-0.3388888888888889,-0.6233333333333333,0.002181661564992912,-0.00545415391248228,0.0032724923474893677,3.2670381935768855,-0.41015237421866746,0.1112647398146385,0.06146240234375,-0.20684814453125,-0.03936767578125,0.97564697265625,0.2978707932085081,0.4778809308314024,0.12182427074236077
1589997307.336092,-3.94,-0.98,8.9,0.3055555555555556,-0.3388888888888889,-0.6233333333333333,0.0,-0.004363323129985824,0.002181661564992912,3.2670381935768855,-0.41015237421866746,0.1112647398146385,0.06146240234375,-0.20684814453125,-0.03936767578125,0.97564697265625,0.316711414149526,0.42056425696985505,0.12525605732097556
1589997307.3442054,-3.96,-0.97,8.79,0.3055555555555556,-0.3388888888888889,-0.6233333333333333,-0.0032724923474893677,-0.004363323129985824,0.001090830782496456,3.2670381935768855,-0.41015237421866746,0.1112647398146385,0.06146240234375,-0.20684814453125,-0.03936767578125,0.97564697265625,0.316711414149526,0.42056425696985505,0.12525605732097556
1589997307.3559773,-3.95,-0.96,8.83,0.3055555555555556,-0.3388888888888889,-0.6233333333333333,-0.002181661564992912,-0.002181661564992912,0.001090830782496456,3.2670381935768855,-0.41015237421866746,0.1112647398146385,0.06146240234375,-0.20684814453125,-0.03936767578125,0.97564697265625,0.3128869263878623,0.3696522432444459,0.12667250044272851
1589997307.3671274,-3.93,-0.98,8.88,0.3055555555555556,-0.3388888888888889,-0.6233333333333333,-0.004363323129985824,-0.002181661564992912,0.002181661564992912,3.2670381935768855,-0.41015237421866746,0.1112647398146385,0.06146240234375,-0.20684814453125,-0.03936767578125,0.97564697265625,0.34022226900883096,0.3696522432444459,0.12667250044272851
1589997307.3749275,-3.95,-0.99,8.91,0.3055555555555556,-0.3388888888888889,-0.6166666666666667,-0.002181661564992912,-0.002181661564992912,0.004363323129985824,3.2670381935768855,-0.41015237421866746,0.1112647398146385,0.06146240234375,-0.20684814453125,-0.03936767578125,0.97564697265625,0.34022226900883096,0.4308257391109686,0.12704052507623553
1589997307.3887286,-3.94,-0.96,8.86,0.3055555555555556,-0.3388888888888889,-0.6166666666666667,-0.0032724923474893677,-0.004363323129985824,0.001090830782496456,3.2670381935768855,-0.41015237421866746,0.1112647398146385,0.06146240234375,-0.20684814453125,-0.03936767578125,0.97564697265625,0.34022226900883096,0.3379095440748334,0.1383947648756455
1589997307.396504,-3.95,-0.91,8.8,0.3055555555555556,-0.3388888888888889,-0.6166666666666667,-0.0032724923474893677,0.0,0.001090830782496456,3.2670381935768855,-0.41015237421866746,0.1112647398146385,0.06146240234375,-0.20684814453125,-0.03936767578125,0.97564697265625,0.34022226900883096,0.3379095440748334,0.1383947648756455
1589997307.40856,-3.94,-0.92,8.89,0.3055555555555556,-0.3388888888888889,-0.6166666666666667,-0.002181661564992912,0.001090830782496456,0.0,3.2670381935768855,-0.41015237421866746,0.1112647398146385,0.06146240234375,-0.20684814453125,-0.03936767578125,0.97564697265625,0.34022226900883096,0.41713108403018173,0.1383947648756455
1589997307.4172325,-3.92,-0.93,8.92,0.3055555555555556,-0.3388888888888889,-0.6166666666666667,-0.001090830782496456,0.0,0.001090830782496456,3.2670381935768855,-0.41015237421866746,0.1112647398146385,0.06146240234375,-0.20684814453125,-0.03936767578125,0.97564697265625,0.34022226900883096,0.41713108403018173,0.12489762636131138
1589997307.4282176,-3.96,-0.94,8.98,0.3055555555555556,-0.3322222222222222,-0.6233333333333333,-0.002181661564992912,0.0032724923474893677,0.0,3.2670381935768855,-0.41015237421866746,0.1112647398146385,0.06146240234375,-0.20684814453125,-0.03936767578125,0.97564697265625,0.3696522432444459,0.4042283755220455,0.12489762636131138
1589997307.4350836,-3.95,-0.98,8.96,0.3055555555555556,-0.3322222222222222,-0.6233333333333333,0.004363323129985824,-0.001090830782496456,0.001090830782496456,3.2670381935768855,-0.41015237421866746,0.1112647398146385,0.06146240234375,-0.20684814453125,-0.03936767578125,0.97564697265625,0.3696522432444459,0.4042283755220455,0.1371068530957331
1589997307.4452107,-3.95,-1.0,8.82,0.3055555555555556,-0.3322222222222222,-0.6233333333333333,0.0032724923474893677,-0.001090830782496456,0.001090830782496456,3.2670381935768855,-0.41015237421866746,0.1112647398146385,0.06146240234375,-0.20684814453125,-0.03936767578125,0.97564697265625,0.34953162930465587,0.41713108403018173,0.1371068530957331
1589997307.454632,-3.97,-0.98,8.87,0.3055555555555556,-0.3322222222222222,-0.6233333333333333,0.002181661564992912,-0.001090830782496456,0.0032724923474893677,3.2670381935768855,-0.41015237421866746,0.1112647398146385,0.06146240234375,-0.20684814453125,-0.03936767578125,0.97564697265625,0.34953162930465587,0.41713108403018173,0.1375336592135079
1589997307.4673152,-3.96,-0.99,8.86,0.3055555555555556,-0.3322222222222222,-0.6233333333333333,0.0,0.0032724923474893677,-0.001090830782496456,3.2670381935768855,-0.41015237421866746,0.1112647398146385,0.06146240234375,-0.20684814453125,-0.03936767578125,0.97564697265625,0.30895340572783037,0.4042283755220455,0.1375336592135079
1589997307.4747362,-3.94,-0.98,8.93,0.29777777777777775,-0.32666666666666666,-0.6022222222222222,-0.001090830782496456,-0.002181661564992912,0.0,3.2670381935768855,-0.41015237421866746,0.1112647398146385,0.06146240234375,-0.20684814453125,-0.03936767578125,0.97564697265625,0.30895340572783037,0.4042283755220455,0.1375336592135079
1589997307.4856715,-3.97,-1.0,8.89,0.29777777777777775,-0.32666666666666666,-0.6022222222222222,-0.002181661564992912,-0.002181661564992912,0.0,3.2670381935768855,-0.41015237421866746,0.1112647398146385,0.06146240234375,-0.20684814453125,-0.03936767578125,0.97564697265625,0.34953162930465587,0.41713108403018173,0.1375336592135079
1589997307.4953654,-3.92,-1.0,8.76,0.29777777777777775,-0.32666666666666666,-0.6022222222222222,0.0032724923474893677,0.002181661564992912,-0.002181661564992912,3.2670381935768855,-0.41015237421866746,0.1112647398146385,0.06146240234375,-0.20684814453125,-0.03936767578125,0.97564697265625,0.34953162930465587,0.41713108403018173,0.13796295602243508
1589997307.5065994,-3.93,-1.03,8.81,0.29777777777777775,-0.32666666666666666,-0.6022222222222222,0.006544984694978735,-0.004363323129985824,0.004363323129985824,3.2670381935768855,-0.41015237421866746,0.1112647398146385,0.06146240234375,-0.20684814453125,-0.03936767578125,0.97564697265625,0.3015432709413334,0.42056425696985505,0.1375336592135079
1589997307.522424,-3.94,-1.02,8.92,0.29777777777777775,-0.32666666666666666,-0.6022222222222222,0.008726646259971648,0.001090830782496456,0.001090830782496456,3.2670381935768855,-0.41015237421866746,0.1112647398146385,0.06146240234375,-0.20684814453125,-0.03936767578125,0.97564697265625,0.34022226900883096,0.4344734393227604,0.13966141670102086
1589997307.5288289,-3.94,-0.98,8.95,0.31222222222222223,-0.32,-0.6233333333333333,0.009817477042468103,0.006544984694978735,0.0,3.2670381935768855,-0.41015237421866746,0.1112647398146385,0.06146240234375,-0.20684814453125,-0.03936767578125,0.97564697265625,0.34022226900883096,0.4344734393227604,0.13966141670102086
1589997307.5395653,-3.96,-1.0,8.98,0.31222222222222223,-0.32,-0.6233333333333333,0.007635815477475192,0.006544984694978735,0.002181661564992912,3.2670381935768855,-0.41015237421866746,0.1112647398146385,0.06146240234375,-0.20684814453125,-0.03936767578125,0.97564697265625,0.3248417572103921,0.39510843012815433,0.1375336592135079
1589997307.5454445,-3.94,-0.97,8.85,0.31222222222222223,-0.32,-0.6233333333333333,0.00545415391248228,0.002181661564992912,0.001090830782496456,3.2670381935768855,-0.41015237421866746,0.1112647398146385,0.06146240234375,-0.20684814453125,-0.03936767578125,0.97564697265625,0.3248417572103921,0.39510843012815433,0.1375336592135079
1589997307.5606208,-3.97,-0.94,8.86,0.31222222222222223,-0.32,-0.6233333333333333,0.002181661564992912,0.004363323129985824,0.002181661564992912,3.2670381935768855,-0.41015237421866746,0.1112647398146385,0.06146240234375,-0.20684814453125,-0.03936767578125,0.97564697265625,0.34022226900883096,0.4042283755220455,0.11795092836349685
1589997307.5680118,-3.95,-0.96,8.91,0.31222222222222223,-0.32,-0.6233333333333333,0.0,0.0,0.001090830782496456,3.2670381935768855,-0.41015237421866746,0.1112647398146385,0.06146240234375,-0.20684814453125,-0.03936767578125,0.97564697265625,0.34022226900883096,0.4042283755220455,0.11795092836349685
1589997307.579699,-3.95,-0.94,8.88,0.29777777777777775,-0.32,-0.6311111111111111,-0.0032724923474893677,-0.002181661564992912,0.0032724923474893677,3.2670381935768855,-0.41015237421866746,0.1112647398146385,0.06146240234375,-0.20684814453125,-0.03936767578125,0.97564697265625,0.34022226900883096,0.4074650127970809,0.13630270789356194
1589997307.5861232,-3.93,-0.99,8.85,0.29777777777777775,-0.32,-0.6311111111111111,-0.00545415391248228,0.0,0.0,3.2670381935768855,-0.41015237421866746,0.1112647398146385,0.06146240234375,-0.20684814453125,-0.03936767578125,0.97564697265625,0.34022226900883096,0.4074650127970809,0.13630270789356194
1589997307.5991766,-3.95,-0.98,8.78,0.29777777777777775,-0.32,-0.6311111111111111,-0.001090830782496456,-0.001090830782496456,0.0032724923474893677,3.2670381935768855,-0.41015237421866746,0.1112647398146385,0.06146240234375,-0.20684814453125,-0.03936767578125,0.97564697265625,0.3470995556283895,0.4457710691193347,0.10475372767451475
1589997307.6052384,-3.96,-0.99,8.82,0.29777777777777775,-0.32,-0.6311111111111111,0.0,0.001090830782496456,-0.001090830782496456,3.2670381935768855,-0.41015237421866746,0.1112647398146385,0.06146240234375,-0.20684814453125,-0.03936767578125,0.97564697265625,0.3470995556283895,0.4457710691193347,0.10475372767451475
1589997307.6183386,-3.96,-0.99,8.87,0.29777777777777775,-0.32,-0.6311111111111111,0.002181661564992912,0.001090830782496456,-0.002181661564992912,3.2670381935768855,-0.41015237421866746,0.1112647398146385,0.06146240234375,-0.20684814453125,-0.03936767578125,0.97564697265625,0.3015432709413334,0.4344734393227604,0.10475372767451475
1589997307.625285,-3.94,-0.94,8.93,0.28555555555555556,-0.35333333333333333,-0.6233333333333333,0.0,0.002181661564992912,0.001090830782496456,3.2670381935768855,-0.41015237421866746,0.1112647398146385,0.06146240234375,-0.20684814453125,-0.03936767578125,0.97564697265625,0.3015432709413334,0.4344734393227604,0.13588300621652982
1589997307.6352158,-3.94,-0.96,8.93,0.28555555555555556,-0.35333333333333333,-0.6233333333333333,-0.001090830782496456,0.0,0.0,3.2670381935768855,-0.41015237421866746,0.1112647398146385,0.06146240234375,-0.20684814453125,-0.03936767578125,0.97564697265625,0.3015432709413334,0.4778809308314024,0.13588300621652982
1589997307.6411119,-3.94,-0.96,8.93,0.28555555555555556,-0.35333333333333333,-0.6233333333333333,-0.001090830782496456,0.0,0.0,3.2670381935768855,-0.41015237421866746,0.1112647398146385,0.06146240234375,-0.20684814453125,-0.03936767578125,0.97564697265625,0.3015432709413334,0.4778809308314024,0.10424148475692238
1589997307.6479762,-3.96,-0.95,8.82,0.28555555555555556,-0.35333333333333333,-0.6233333333333333,-0.001090830782496456,0.0,0.001090830782496456,3.2670381935768855,-0.41015237421866746,0.1112647398146385,0.06146240234375,-0.20684814453125,-0.03936767578125,0.97564697265625,0.3015432709413334,0.4778809308314024,0.10424148475692238
1589997307.6596735,-3.93,-0.97,8.88,0.28555555555555556,-0.35333333333333333,-0.6233333333333333,-0.0032724923474893677,0.0,0.001090830782496456,3.2670381935768855,-0.41015237421866746,0.1112647398146385,0.06146240234375,-0.20684814453125,-0.03936767578125,0.97564697265625,0.3187595953260988,0.4344734393227604,0.13588300621652982
1589997307.6681776,-3.95,-0.95,8.87,0.28555555555555556,-0.35333333333333333,-0.6233333333333333,-0.002181661564992912,0.001090830782496456,0.0,3.2670381935768855,-0.41015237421866746,0.1112647398146385,0.06146240234375,-0.20684814453125,-0.03936767578125,0.97564697265625,0.3187595953260988,0.4344734393227604,0.13588300621652982
1589997307.6795266,-3.96,-0.97,8.9,0.2788888888888889,-0.3322222222222222,-0.6233333333333333,-0.004363323129985824,0.0,0.0,3.2670381935768855,-0.41015237421866746,0.1112647398146385,0.06146240234375,-0.20684814453125,-0.03936767578125,0.97564697265625,0.2718673071164087,0.4457710691193347,0.10424148475692238
1589997307.691786,-3.93,-0.99,8.92,0.2788888888888889,-0.3322222222222222,-0.6233333333333333,-0.004363323129985824,0.0,0.0,3.2670381935768855,-0.41015237421866746,0.1112647398146385,0.06146240234375,-0.20684814453125,-0.03936767578125,0.97564697265625,0.2876789338815911,0.41713108403018173,0.13588300621652982
1589997307.6975849,-3.94,-1.02,8.78,0.2788888888888889,-0.3322222222222222,-0.6233333333333333,0.006544984694978735,0.001090830782496456,0.0,3.2670381935768855,-0.41015237421866746,0.1112647398146385,0.06146240234375,-0.20684814453125,-0.03936767578125,0.97564697265625,0.2876789338815911,0.41713108403018173,0.13588300621652982
1589997307.706521,-3.92,-1.0,8.84,0.2788888888888889,-0.3322222222222222,-0.6233333333333333,0.00545415391248228,0.002181661564992912,0.0,3.2670381935768855,-0.41015237421866746,0.1112647398146385,0.06146240234375,-0.20684814453125,-0.03936767578125,0.97564697265625,0.2876789338815911,0.41713108403018173,0.13588300621652982
1589997307.7187295,-3.94,-0.98,8.92,0.2788888888888889,-0.3322222222222222,-0.6233333333333333,0.006544984694978735,0.004363323129985824,-0.002181661564992912,3.2670381935768855,-0.41015237421866746,0.1112647398146385,0.06146240234375,-0.20684814453125,-0.03936767578125,0.97564697265625,0.29969651553482884,0.461304233506186,0.1208422397568251
1589997307.7255795,-3.95,-0.98,8.95,0.3055555555555556,-0.3388888888888889,-0.6311111111111111,0.007635815477475192,0.00545415391248228,-0.002181661564992912,3.2670381935768855,-0.41015237421866746,0.1112647398146385,0.06146240234375,-0.20684814453125,-0.03936767578125,0.97564697265625,0.29969651553482884,0.461304233506186,0.1208422397568251
1589997307.7367895,-3.94,-0.95,8.92,0.3055555555555556,-0.3388888888888889,-0.6311111111111111,0.002181661564992912,0.0,-0.001090830782496456,3.2670381935768855,-0.41015237421866746,0.1112647398146385,0.06146240234375,-0.20684814453125,-0.03936767578125,0.97564697265625,0.6276259352345798,0.45722582472554457,0.13546571420196252
1589997307.7503269,-3.95,-0.95,8.8,0.3055555555555556,-0.3388888888888889,-0.6311111111111111,-0.001090830782496456,-0.002181661564992912,0.001090830782496456,3.2670381935768855,-0.41015237421866746,0.1112647398146385,0.06146240234375,-0.20684814453125,-0.03936767578125,0.97564697265625,0.6342725611809472,0.3982094308317678,0.1208422397568251
1589997307.756263,-3.93,-0.95,8.81,0.3055555555555556,-0.3388888888888889,-0.6311111111111111,-0.0032724923474893677,-0.0032724923474893677,0.002181661564992912,3.2670381935768855,-0.41015237421866746,0.1112647398146385,0.06146240234375,-0.20684814453125,-0.03936767578125,0.97564697265625,0.6342725611809472,0.3982094308317678,0.1208422397568251
1589997307.768635,-3.93,-1.0,8.85,0.3055555555555556,-0.3388888888888889,-0.6311111111111111,0.001090830782496456,0.0,-0.001090830782496456,3.2670381935768855,-0.41015237421866746,0.1112647398146385,0.06146240234375,-0.20684814453125,-0.03936767578125,0.97564697265625,0.3863657601866544,0.3982094308317678,0.1208422397568251
1589997307.7759516,-3.93,-1.02,8.85,0.3055555555555556,-0.32666666666666666,-0.6022222222222222,0.0,0.0,0.002181661564992912,3.2670381935768855,-0.41015237421866746,0.1112647398146385,0.06146240234375,-0.20684814453125,-0.03936767578125,0.97564697265625,0.3863657601866544,0.3248417572103921,0.13426900825530252
1589997307.7909017,-3.95,-1.0,8.89,0.3055555555555556,-0.32666666666666666,-0.6022222222222222,0.00545415391248228,0.002181661564992912,-0.001090830782496456,3.2670381935768855,-0.41015237421866746,0.1112647398146385,0.06146240234375,-0.20684814453125,-0.03936767578125,0.97564697265625,0.4042283755220455,0.26311038413585025,0.11987490558893375
1589997307.7968256,-3.96,-0.98,8.81,0.3055555555555556,-0.32666666666666666,-0.6022222222222222,0.004363323129985824,-0.001090830782496456,0.001090830782496456,3.2670381935768855,-0.41015237421866746,0.1112647398146385,0.06146240234375,-0.20684814453125,-0.03936767578125,0.97564697265625,0.4042283755220455,0.26311038413585025,0.11987490558893375
1589997307.807205,-3.96,-0.96,8.9,0.3055555555555556,-0.32666666666666666,-0.6022222222222222,0.0032724923474893677,0.0,0.001090830782496456,3.2670381935768855,-0.41015237421866746,0.1112647398146385,0.06146240234375,-0.20684814453125,-0.03936767578125,0.97564697265625,0.9732103659593213,0.5511870271508157,0.11987490558893375
1589997307.819447,-3.96,-0.92,8.93,0.3055555555555556,-0.32666666666666666,-0.6022222222222222,0.0,-0.002181661564992912,-0.002181661564992912,3.2670381935768855,-0.41015237421866746,0.1112647398146385,0.06146240234375,-0.20684814453125,-0.03936767578125,0.97564697265625,0.9732103659593213,0.5511870271508157,0.13345515007183678
1589997307.8276525,-3.95,-0.92,8.98,0.2911111111111111,-0.3322222222222222,-0.6088888888888889,-0.002181661564992912,-0.004363323129985824,0.001090830782496456,3.2670381935768855,-0.41015237421866746,0.1112647398146385,0.06146240234375,-0.20684814453125,-0.03936767578125,0.97564697265625,1.3471697982913216,0.5146036866178766,0.13345515007183678
1589997307.8368273,-3.93,-0.96,8.88,0.2911111111111111,-0.3322222222222222,-0.6088888888888889,-0.0032724923474893677,0.002181661564992912,0.004363323129985824,3.2670381935768855,-0.41015237421866746,0.1112647398146385,0.06146240234375,-0.20684814453125,-0.03936767578125,0.97564697265625,1.3471697982913216,0.5146036866178766,0.11954469151589853
1589997307.8476458,-3.92,-1.0,8.78,0.2911111111111111,-0.3322222222222222,-0.6088888888888889,-0.002181661564992912,0.001090830782496456,0.0032724923474893677,3.2670381935768855,-0.41015237421866746,0.1112647398146385,0.06146240234375,-0.20684814453125,-0.03936767578125,0.97564697265625,0.5460691446383974,0.4457710691193347,0.12351788546133634
1589997307.857307,-3.92,-1.02,8.84,0.2911111111111111,-0.3322222222222222,-0.6088888888888889,0.001090830782496456,0.006544984694978735,0.002181661564992912,3.2670381935768855,-0.41015237421866746,0.1112647398146385,0.06146240234375,-0.20684814453125,-0.03936767578125,0.97564697265625,0.5460691446383974,0.4457710691193347,0.12351788546133634
1589997307.8694851,-3.93,-1.0,8.89,0.2911111111111111,-0.3322222222222222,-0.6088888888888889,0.001090830782496456,0.01308996938995747,0.002181661564992912,3.2670381935768855,-0.41015237421866746,0.1112647398146385,0.06146240234375,-0.2069091796875,-0.03936767578125,0.97564697265625,0.46924345517404525,0.4381793078164114,0.11085788225487449
1589997307.8770359,-3.92,-0.98,8.94,0.29777777777777775,-0.3388888888888889,-0.5877777777777777,0.001090830782496456,0.009817477042468103,0.00545415391248228,3.2670381935768855,-0.41015237421866746,0.1112647398146385,0.06146240234375,-0.2069091796875,-0.03936767578125,0.97564697265625,0.46924345517404525,0.4381793078164114,0.11085788225487449
1589997307.8880572,-3.98,-0.96,8.96,0.29777777777777775,-0.3388888888888889,-0.5877777777777777,0.0,0.01090830782496456,0.008726646259971648,3.2670381935768855,-0.41015237421866746,0.1112647398146385,0.06146240234375,-0.20697021484375,-0.03936767578125,0.97564697265625,0.3696522432444459,0.4308257391109686,0.122510268153712
1589997307.8993313,-3.95,-0.95,8.85,0.29777777777777775,-0.3388888888888889,-0.5877777777777777,-0.001090830782496456,0.00545415391248228,0.017453292519943295,3.2670381935768855,-0.41015237421866746,0.1112647398146385,0.0614013671875,-0.20697021484375,-0.03936767578125,0.97564697265625,0.3015432709413334,0.4308257391109686,0.122510268153712
1589997307.9069927,-3.92,-0.9,8.89,0.29777777777777775,-0.3388888888888889,-0.5877777777777777,-0.001090830782496456,0.0032724923474893677,0.0272707695624114,3.265947362794389,-0.41015237421866746,0.1112647398146385,0.06121826171875,-0.20697021484375,-0.039306640625,0.97564697265625,0.3015432709413334,0.4240506381044018,0.11430162854196725
1589997307.9194114,-3.93,-0.81,8.9,0.29777777777777775,-0.3388888888888889,-0.5877777777777777,-0.0032724923474893677,0.0032724923474893677,0.03599741582238304,3.265947362794389,-0.41015237421866746,0.1112647398146385,0.06109619140625,-0.20703125,-0.039306640625,0.97564697265625,0.316711414149526,0.4240506381044018,0.11430162854196725
1589997307.9261575,-3.9,-0.71,8.94,0.31222222222222223,-0.3322222222222222,-0.6166666666666667,-0.006544984694978735,-0.004363323129985824,0.05999569303730508,3.265947362794389,-0.41015237421866746,0.11017390903214205,0.060791015625,-0.20703125,-0.03924560546875,0.97564697265625,0.316711414149526,0.4074650127970809,0.14185155586391207
1589997307.9417405,-3.91,-0.58,8.95,0.31222222222222223,-0.3322222222222222,-0.6166666666666667,-0.014180800172453926,-0.009817477042468103,0.09817477042468103,3.2648565320118923,-0.41015237421866746,0.11017390903214205,0.060302734375,-0.20703125,-0.0391845703125,0.9757080078125,0.30702113579835705,0.4042283755220455,0.12320352300403808
1589997307.9479272,-3.87,-0.28,8.87,0.31222222222222223,-0.3322222222222222,-0.6166666666666667,-0.02617993877991494,-0.028361600344907853,0.15598880189699318,3.2626748704469,-0.41015237421866746,0.11017390903214205,0.05950927734375,-0.20697021484375,-0.0391845703125,0.97576904296875,0.30702113579835705,0.4042283755220455,0.12320352300403808
1589997307.9595284,-3.86,-0.28,8.96,0.31222222222222223,-0.3322222222222222,-0.6166666666666667,-0.039269908169872414,-0.04036073895236887,0.222529479629277,3.2604932088819067,-0.41015237421866746,0.1090830782496456,0.05841064453125,-0.206787109375,-0.03912353515625,0.975830078125,0.316711414149526,0.3890400161097513,0.11795092836349685
1589997307.9686947,-3.87,-0.36,9.04,0.31222222222222223,-0.3322222222222222,-0.6166666666666667,-0.032724923474893676,-0.06544984694978735,0.2683443724941282,3.258311547316914,-0.409061543436171,0.10799224746714915,0.05712890625,-0.20654296875,-0.0390625,0.97601318359375,0.316711414149526,0.3890400161097513,0.11795092836349685
1589997307.9797788,-2.61,-1.02,8.82,0.3055555555555556,-0.3466666666666667,-0.6233333333333333,-0.01308996938995747,-0.04581489286485115,0.28361600344907856,3.255039054969425,-0.409061543436171,0.10690141668465267,0.0557861328125,-0.20635986328125,-0.038818359375,0.97613525390625,0.2909449891581246,0.3920522731410346,0.1211791944850637
1589997307.9869301,-2.79,-0.61,8.95,0.3055555555555556,-0.3466666666666667,-0.6233333333333333,0.062177354602297986,0.13199052468207118,0.2454369260617026,3.2528573934044314,-0.4112432050011639,0.10581058590215622,0.0546875,-0.20703125,-0.03826904296875,0.97607421875,0.2909449891581246,0.3920522731410346,0.1211791944850637
1589997307.9972188,-2.79,-0.57,8.6,0.3055555555555556,-0.3466666666666667,-0.6233333333333333,0.01308996938995747,-0.015271630954950384,0.09490227807719166,3.2517665626219348,-0.4112432050011639,0.10581058590215622,0.05426025390625,-0.20697021484375,-0.0380859375,0.97607421875,0.2962453376934545,0.4240506381044018,0.1211791944850637
1589997308.0074944,-2.64,-0.53,9.15,0.3055555555555556,-0.3466666666666667,-0.6233333333333333,0.009817477042468103,0.039269908169872414,-0.02399827721492203,3.2528573934044314,-0.4112432050011639,0.10581058590215622,0.05438232421875,-0.2071533203125,-0.03814697265625,0.97607421875,0.2962453376934545,0.4240506381044018,0.11430162854196725
1589997308.0190413,-1.85,-0.21,8.94,0.3055555555555556,-0.3466666666666667,-0.6233333333333333,0.02617993877991494,0.0272707695624114,-0.1832595714594046,3.2539482241869284,-0.4112432050011639,0.10581058590215622,0.05523681640625,-0.207275390625,-0.03814697265625,0.9759521484375,0.2876789338815911,0.4308257391109686,0.11987490558893375
1589997308.0268247,-1.45,-0.15,9.08,0.2911111111111111,-0.3388888888888889,-0.6233333333333333,0.017453292519943295,0.04145156973486533,-0.38288160465625604,3.258311547316914,-0.4112432050011639,0.10690141668465267,0.05706787109375,-0.2073974609375,-0.0384521484375,0.975830078125,0.2876789338815911,0.4308257391109686,0.11987490558893375
1589997308.0369608,-1.0,0.0,9.0,0.2911111111111111,-0.3388888888888889,-0.6233333333333333,0.032724923474893676,0.06654067773228381,-0.6065019150680295,3.2637657012293966,-0.4112432050011639,0.11017390903214205,0.05999755859375,-0.20758056640625,-0.03887939453125,0.9755859375,0.2893893153577334,0.5569797040159007,0.11987490558893375
1589997308.0529091,-0.57,0.04,9.0,0.2911111111111111,-0.3388888888888889,-0.6233333333333333,0.04036073895236887,0.08290313946973066,-0.8453938564347533,3.272492347489368,-0.4112432050011639,0.11235557059713495,0.0640869140625,-0.207763671875,-0.03955078125,0.97528076171875,0.30895340572783037,0.5146036866178766,0.11827294996026913
1589997308.0591364,-1.1,-1.82,8.83,0.2911111111111111,-0.3388888888888889,-0.6233333333333333,0.08835729338221293,0.11890055529211369,-1.0461067204141012,3.2823098245318354,-0.4112432050011639,0.11671889372712078,0.069091796875,-0.2081298828125,-0.04010009765625,0.974853515625,0.30895340572783037,0.5146036866178766,0.11827294996026913
1589997308.0737185,-1.02,-1.2,8.49,0.2911111111111111,-0.3388888888888889,-0.6233333333333333,0.11453723216212788,0.17998707911191522,-1.1301006906663285,3.294308963139297,-0.4112432050011639,0.11999138607461016,0.0745849609375,-0.208740234375,-0.0406494140625,0.97430419921875,0.30895340572783037,0.5146036866178766,0.13036738675694923
1589997308.0792847,-1.04,-0.99,8.61,0.31777777777777777,-0.3322222222222222,-0.6166666666666667,0.05235987755982988,0.14289883250703572,-1.246819584393449,3.3063081017467577,-0.4112432050011639,0.12544553998709243,0.08056640625,-0.2091064453125,-0.0416259765625,0.97369384765625,0.30895340572783037,0.5146036866178766,0.13036738675694923
1589997308.0917516,-2.32,-1.79,8.67,0.31777777777777777,-0.3322222222222222,-0.6166666666666667,0.042542400517361786,0.06981317007977318,-1.3700834628155487,3.3193980711367153,-0.41015237421866746,0.1308996938995747,0.08709716796875,-0.20916748046875,-0.04278564453125,0.97308349609375,0.316711414149526,0.5146036866178766,0.13036738675694923
1589997308.0982118,-2.33,-1.72,8.69,0.31777777777777777,-0.3322222222222222,-0.6166666666666667,0.03381575425739013,0.0370882466048795,-1.4169891864628963,3.3335788713091694,-0.409061543436171,0.13635384781205698,0.09381103515625,-0.20904541015625,-0.04400634765625,0.972412109375,0.316711414149526,0.5146036866178766,0.1277826025509433
1589997308.1097949,-2.54,-1.72,9.17,0.31777777777777777,-0.3322222222222222,-0.6166666666666667,0.03490658503988659,0.11453723216212788,-1.4289883250703572,3.3477596714816236,-0.40797071265367457,0.14180800172453928,0.1005859375,-0.209228515625,-0.0452880859375,0.97161865234375,0.316711414149526,0.3567681567603077,0.1277826025509433
1589997308.1195602,-2.48,-1.64,8.79,0.31777777777777777,-0.3322222222222222,-0.6166666666666667,0.08072147790473774,0.11344640137963141,-1.433351648200343,3.3619404716540773,-0.40687988187117813,0.14726215563702155,0.107421875,-0.20941162109375,-0.0462646484375,0.9708251953125,0.316711414149526,0.3567681567603077,0.12959707262420406
1589997308.1310143,-2.59,-1.65,8.92,0.31777777777777777,-0.32,-0.6022222222222222,0.05781403147231216,0.11780972450961724,-1.4486232791552935,3.376121271826531,-0.40687988187117813,0.15271630954950383,0.11431884765625,-0.2095947265625,-0.04742431640625,0.96990966796875,0.31468770072761004,0.46924345517404525,0.12525605732097556
1589997308.1383536,-2.66,-1.67,8.93,0.31777777777777777,-0.32,-0.6022222222222222,0.04581489286485115,0.10471975511965977,-1.4628040793277475,3.3903020719989847,-0.40469822030618513,0.15817046346198613,0.12127685546875,-0.20977783203125,-0.048583984375,0.968994140625,0.31468770072761004,0.46924345517404525,0.12525605732097556
1589997308.151965,-2.66,-1.69,8.89,0.31777777777777777,-0.32,-0.6022222222222222,0.056723200689815706,0.11562806294462433,-1.473712387152712,3.404482872171439,-0.4036073895236887,0.1636246173744684,0.12823486328125,-0.20989990234375,-0.04974365234375,0.968017578125,0.33136596019053416,0.3128869263878623,0.12741055376916818
1589997308.1580539,-2.6,-1.67,8.78,0.31777777777777777,-0.32,-0.6022222222222222,0.05563236990731925,0.11671889372712078,-1.4813482026301872,3.418663672343893,-0.4025165587411922,0.16907877128695067,0.13525390625,-0.2100830078125,-0.05096435546875,0.9669189453125,0.33136596019053416,0.3128869263878623,0.12741055376916818
1589997308.1696632,-2.62,-1.68,8.78,0.31777777777777777,-0.32,-0.6022222222222222,0.04799655442984406,0.10799224746714915,-1.4944381720201445,3.433935303298843,-0.40142572795869574,0.17453292519943295,0.142333984375,-0.21014404296875,-0.05218505859375,0.9658203125,0.31090853643828664,0.3696522432444459,0.1208422397568251
1589997308.1791682,-2.67,-1.67,8.83,0.34444444444444444,-0.3055555555555556,-0.6022222222222222,0.04581489286485115,0.11453723216212788,-1.50207398749762,3.448116103471297,-0.4003348971761993,0.1810779098944117,0.1494140625,-0.21026611328125,-0.05340576171875,0.96466064453125,0.31090853643828664,0.3696522432444459,0.1208422397568251
1589997308.1887655,-2.63,-1.68,8.75,0.34444444444444444,-0.3055555555555556,-0.6022222222222222,0.05235987755982988,0.1090830782496456,-1.511891464540088,3.463387734426248,-0.39706240482870997,0.18653206380689397,0.15667724609375,-0.20965576171875,-0.05474853515625,0.96356201171875,0.3470995556283895,0.36192406818273803,0.1208422397568251
1589997308.1997375,-2.72,-1.73,8.7,0.34444444444444444,-0.3055555555555556,-0.6022222222222222,0.053450708342326333,0.1112647398146385,-1.523890603147549,3.4786593653811977,-0.3937899124812206,0.19198621771937624,0.1639404296875,-0.20916748046875,-0.05609130859375,0.96240234375,0.3470995556283895,0.36192406818273803,0.12386894025280185
1589997308.209008,-2.74,-1.8,8.83,0.34444444444444444,-0.3055555555555556,-0.6022222222222222,0.053450708342326333,0.11344640137963141,-1.5315264186250241,3.4939309963361485,-0.39051742013373125,0.1974403716318585,0.17120361328125,-0.20867919921875,-0.057373046875,0.961181640625,0.3015432709413334,0.33136596019053416,0.1221663692441251
1589997308.2219458,-2.8,-1.82,8.9,0.34444444444444444,-0.3055555555555556,-0.6022222222222222,0.05781403147231216,0.11562806294462433,-1.543525557232485,3.509202627291099,-0.3883357585687383,0.20289452554434081,0.17852783203125,-0.20831298828125,-0.05865478515625,0.9598388671875,0.27340573595297823,0.33136596019053416,0.1221663692441251
1589997308.229901,-2.82,-1.88,8.95,0.37666666666666665,-0.2733333333333333,-0.6166666666666667,0.056723200689815706,0.11780972450961724,-1.5533430342749532,3.524474258246049,-0.3850632662212489,0.2083486794568231,0.1859130859375,-0.20794677734375,-0.0599365234375,0.95843505859375,0.27340573595297823,0.36695276956707285,0.1221663692441251
1589997308.2385461,-2.82,-1.91,8.91,0.37666666666666665,-0.2733333333333333,-0.6166666666666667,0.05017821599483697,0.11562806294462433,-1.5642513420999178,3.539745889201,-0.38288160465625604,0.21380283336930533,0.19329833984375,-0.2076416015625,-0.06121826171875,0.95697021484375,0.27340573595297823,0.36695276956707285,0.11399950395623827
1589997308.2499304,-2.81,-1.93,8.77,0.37666666666666665,-0.2733333333333333,-0.6166666666666667,0.05235987755982988,0.11235557059713495,-1.5707963267948966,3.5550175201559497,-0.37960911230876665,0.21925698728178766,0.20068359375,-0.20733642578125,-0.0625,0.9554443359375,0.26311038413585025,0.42056425696985505,0.113698868948505
1589997308.2637627,-2.82,-1.96,8.76,0.37666666666666665,-0.2733333333333333,-0.6166666666666667,0.053450708342326333,0.11453723216212788,-1.5773413114898753,3.5702891511109005,-0.3763366199612773,0.2247111411942699,0.2081298828125,-0.20709228515625,-0.06378173828125,0.95379638671875,0.2472206304085751,0.42056425696985505,0.12182427074236077
1589997308.2719815,-2.79,-1.99,8.77,0.37666666666666665,-0.2733333333333333,-0.6166666666666667,0.05235987755982988,0.11344640137963141,-1.5827954654023577,3.586651612848347,-0.3741549583962844,0.2301652951067522,0.21551513671875,-0.206787109375,-0.06500244140625,0.9521484375,0.2472206304085751,0.42056425696985505,0.12182427074236077
1589997308.282641,-2.76,-2.03,8.77,0.43666666666666665,-0.26666666666666666,-0.6377777777777778,0.0545415391248228,0.11562806294462433,-1.5904312808798327,3.6019232438032978,-0.370882466048795,0.23561944901923448,0.22296142578125,-0.20654296875,-0.06622314453125,0.95037841796875,0.33136596019053416,0.461304233506186,0.1221663692441251
1589997308.288461,-2.74,-2.09,8.78,0.43666666666666665,-0.26666666666666666,-0.6377777777777778,0.05890486225480862,0.11344640137963141,-1.5947946040098184,3.6171948747582476,-0.36760997370130566,0.24107360293171679,0.23046875,-0.20623779296875,-0.06744384765625,0.9486083984375,0.33136596019053416,0.461304233506186,0.1221663692441251
1589997308.3033946,-2.72,-2.08,8.67,0.43666666666666665,-0.26666666666666666,-0.6377777777777778,0.05781403147231216,0.11344640137963141,-1.6013395887047972,3.633557336495695,-0.3643374813538163,0.24652775684419903,0.2379150390625,-0.2059326171875,-0.06866455078125,0.94671630859375,0.32083268013065175,0.45722582472554457,0.16899545024994653
1589997308.3095605,-2.72,-2.17,8.81,0.43666666666666665,-0.26666666666666666,-0.6377777777777778,0.05781403147231216,0.11235557059713495,-1.6122478965297617,3.648828967450645,-0.3621558197888234,0.25089107997418486,0.24542236328125,-0.2056884765625,-0.06988525390625,0.94476318359375,0.32083268013065175,0.45722582472554457,0.16899545024994653
1589997308.321565,-2.73,-2.22,8.86,0.43666666666666665,-0.26666666666666666,-0.6377777777777778,0.05890486225480862,0.11780972450961724,-1.6264286967022157,3.6651914291880923,-0.358883327441334,0.25634523388666713,0.25299072265625,-0.20538330078125,-0.07110595703125,0.9427490234375,0.316711414149526,0.33337121366189926,0.1427181542581953
1589997308.3287668,-2.71,-2.27,8.91,0.4811111111111111,-0.20777777777777778,-0.6444444444444445,0.061086523819801536,0.12217304763960307,-1.6406094968746698,3.6815538909255388,-0.3556108350938446,0.2617993877991494,0.26055908203125,-0.20513916015625,-0.07232666015625,0.94061279296875,0.316711414149526,0.33337121366189926,0.1427181542581953
1589997308.339306,-2.7,-2.33,8.8,0.4811111111111111,-0.20777777777777778,-0.6444444444444445,0.05999569303730508,0.11890055529211369,-1.662426112524599,3.6979163526629852,-0.35124751196385884,0.26725354171163174,0.26824951171875,-0.204833984375,-0.07354736328125,0.93841552734375,0.31468770072761004,0.316711414149526,0.1427181542581953
1589997308.3510704,-2.67,-2.38,8.73,0.4811111111111111,-0.20777777777777778,-0.6444444444444445,0.056723200689815706,0.12435470920459597,-1.6831518973920316,3.7142788144004326,-0.34797501961636945,0.2716168648416175,0.2760009765625,-0.20458984375,-0.0748291015625,0.9361572265625,0.31468770072761004,0.316711414149526,0.21338248206173208
1589997308.3602862,-2.62,-2.4,8.71,0.4811111111111111,-0.20777777777777778,-0.6444444444444445,0.05781403147231216,0.12435470920459597,-1.706059343824457,3.731732106920376,-0.34470252726888007,0.27707101875409984,0.28387451171875,-0.204345703125,-0.07611083984375,0.9337158203125,0.3187595953260988,0.2233331025931826,0.16718914608078803
1589997308.3734574,-2.58,-2.42,8.73,0.4811111111111111,-0.20777777777777778,-0.6444444444444445,0.05890486225480862,0.12435470920459597,-1.7355117749518614,3.7480945686578226,-0.34143003492139073,0.2825251726665821,0.29180908203125,-0.2041015625,-0.077392578125,0.93121337890625,0.3227201175914994,0.2233331025931826,0.16718914608078803
1589997308.3799706,-2.56,-2.47,8.77,0.49333333333333335,-0.18777777777777777,-0.6377777777777778,0.05999569303730508,0.12762720155208535,-1.7627825445142729,3.7655478611777657,-0.33706671179140485,0.28797932657906433,0.29986572265625,-0.203857421875,-0.07867431640625,0.9285888671875,0.3227201175914994,0.31468770072761004,0.16718914608078803
1589997308.3898008,-2.57,-2.49,8.72,0.49333333333333335,-0.18777777777777777,-0.6377777777777778,0.0643590161672909,0.1287180323345818,-1.7900533140766843,3.783001153697709,-0.3337942194439155,0.29343348049154666,0.30804443359375,-0.20361328125,-0.0799560546875,0.9259033203125,0.3227201175914994,0.31468770072761004,0.26883851941761866
1589997308.399799,-2.49,-2.54,8.63,0.49333333333333335,-0.18777777777777777,-0.6377777777777778,0.0643590161672909,0.1308996938995747,-1.8216874067690816,3.801545277000149,-0.3294308963139297,0.29888763440402893,0.3162841796875,-0.20330810546875,-0.081298828125,0.92303466796875,0.33136596019053416,0.3696522432444459,0.17470676109466768
1589997308.410011,-2.52,-2.61,8.76,0.49333333333333335,-0.18777777777777777,-0.6377777777777778,0.0643590161672909,0.13308135546456762,-1.8544123302439752,3.8200894003025887,-0.32506757318394386,0.30325095753401476,0.32470703125,-0.20306396484375,-0.08258056640625,0.9200439453125,0.33136596019053416,0.3696522432444459,0.17470676109466768
1589997308.4216616,-2.53,-2.69,8.8,0.49333333333333335,-0.18777777777777777,-0.6377777777777778,0.06872233929727672,0.13526301702956053,-1.8860464229363725,3.8386335236050284,-0.32070425005395803,0.30870511144649704,0.33319091796875,-0.2027587890625,-0.08392333984375,0.91693115234375,0.33136596019053416,0.4457710691193347,0.2876789338815911
1589997308.4313605,-2.54,-2.74,8.86,0.5277777777777778,-0.13444444444444445,-0.6588888888888889,0.06763150851478027,0.14289883250703572,-1.9165896848462731,3.8571776469074686,-0.31634092692397225,0.3141592653589793,0.341796875,-0.2025146484375,-0.08526611328125,0.9136962890625,0.3642899190747107,0.4457710691193347,0.2876789338815911
1589997308.4392314,-2.53,-2.78,8.89,0.5277777777777778,-0.13444444444444445,-0.6588888888888889,0.06981317007977318,0.1407171709420428,-1.9449512851911808,3.875721770209908,-0.31197760379398637,0.3196134192714616,0.35052490234375,-0.20220947265625,-0.08660888671875,0.91033935546875,0.3642899190747107,0.3920522731410346,0.3015432709413334
1589997308.453683,-2.47,-2.86,8.67,0.5277777777777778,-0.13444444444444445,-0.6588888888888889,0.06872233929727672,0.14508049407202864,-1.9776762086660749,3.895356724294844,-0.3076142806640006,0.32506757318394386,0.359375,-0.201904296875,-0.0880126953125,0.9068603515625,0.33136596019053416,0.4492681034496481,0.2795642795680213
1589997308.459696,-2.45,-2.89,8.7,0.5277777777777778,-0.13444444444444445,-0.6588888888888889,0.06981317007977318,0.14398966328953217,-2.0060378090109827,3.9149916783797805,-0.3021601267515183,0.33052172709642613,0.3682861328125,-0.2015380859375,-0.08941650390625,0.9031982421875,0.33136596019053416,0.4492681034496481,0.2795642795680213
1589997308.4718282,-2.42,-2.91,8.7,0.5277777777777778,-0.13444444444444445,-0.6588888888888889,0.06763150851478027,0.14508049407202864,-2.031126917008401,3.935717463247213,-0.296705972839036,0.33488505022641196,0.37725830078125,-0.201171875,-0.0908203125,0.8994140625,0.3593288242735007,0.4492681034496481,0.2795642795680213
1589997308.4790695,-2.32,-2.95,8.71,0.5277777777777778,-0.08444444444444445,-0.6888888888888889,0.07090400086226964,0.14944381720201447,-2.057306855788316,3.9553524173321497,-0.2923426497090502,0.3403392041388943,0.3863525390625,-0.2008056640625,-0.09222412109375,0.8955078125,0.3593288242735007,0.3723890828255631,0.2703449835453029
1589997308.4921634,-2.31,-3.0,8.7,0.5277777777777778,-0.08444444444444445,-0.6888888888888889,0.07090400086226964,0.14944381720201447,-2.0802143022207416,3.9760782021995817,-0.2868884957965679,0.3457933580513765,0.3955078125,-0.20037841796875,-0.09368896484375,0.89141845703125,0.32083268013065175,0.45321431320689676,0.34469892955945086
1589997308.4998055,-2.28,-3.04,8.66,0.5277777777777778,-0.08444444444444445,-0.6888888888888889,0.07090400086226964,0.15053464798451094,-2.0976675947406846,3.9968039870670142,-0.2814343418840856,0.35124751196385884,0.4046630859375,-0.19989013671875,-0.0950927734375,0.88726806640625,0.32083268013065175,0.45321431320689676,0.34469892955945086
1589997308.5102966,-2.25,-3.08,8.68,0.5277777777777778,-0.08444444444444445,-0.6888888888888889,0.07526732399225547,0.1538071403320003,-2.111848394913139,4.017529771934448,-0.2748893571891069,0.3556108350938446,0.413818359375,-0.199462890625,-0.09649658203125,0.88299560546875,0.34953162930465587,0.2779605947898692,0.34469892955945086
1589997308.5260053,-2.2,-3.16,8.76,0.5277777777777778,-0.08444444444444445,-0.6888888888888889,0.07526732399225547,0.15489797111449674,-2.1205750411731104,4.03825555680188,-0.2694352032766246,0.35997415822383044,0.42303466796875,-0.198974609375,-0.097900390625,0.8785400390625,0.34022226900883096,0.4492681034496481,0.3227201175914994
1589997308.5312223,-2.18,-3.2,8.82,0.5466666666666666,-0.01888888888888889,-0.6888888888888889,0.07526732399225547,0.15489797111449674,-2.1260291950855925,4.058981341669313,-0.26398104936414235,0.36542831213631277,0.43218994140625,-0.19842529296875,-0.09930419921875,0.87408447265625,0.34022226900883096,0.4492681034496481,0.3227201175914994
1589997308.5406857,-2.13,-3.14,8.82,0.5466666666666666,-0.01888888888888889,-0.6888888888888889,0.06981317007977318,0.15598880189699318,-2.1303925182155785,4.080797957319242,-0.2574360646691636,0.36979163526629855,0.44134521484375,-0.19793701171875,-0.1007080078125,0.86944580078125,0.34022226900883096,0.4492681034496481,0.3227201175914994
1589997308.5523524,-2.13,-3.21,8.63,0.5466666666666666,-0.01888888888888889,-0.6888888888888889,0.06654067773228381,0.15817046346198613,-2.1238475335205997,4.101523742186674,-0.25198191075668136,0.3741549583962844,0.45037841796875,-0.1973876953125,-0.1021728515625,0.86474609375,0.3696522432444459,0.27496052092173096,0.3248417572103921
1589997308.5598106,-2.0,-3.25,8.73,0.5466666666666666,-0.01888888888888889,-0.6888888888888889,0.05890486225480862,0.15817046346198613,-2.1140300564781316,4.122249527054107,-0.2454369260617026,0.3785182815262702,0.4593505859375,-0.19683837890625,-0.10357666015625,0.8599853515625,0.3696522432444459,0.27496052092173096,0.3248417572103921
1589997308.5726259,-1.91,-3.25,8.65,0.5466666666666666,-0.01888888888888889,-0.6888888888888889,0.0643590161672909,0.15489797111449674,-2.10530341021816,4.14297531192154,-0.23889194136672384,0.38288160465625604,0.46820068359375,-0.1962890625,-0.10498046875,0.8551025390625,0.4042283755220455,0.44194471376482086,0.3051113371361419
1589997308.5853949,-1.91,-3.28,8.69,0.5555555555555556,0.04,-0.6888888888888889,0.05999569303730508,0.15926129424448257,-2.0900317792632093,4.163701096788972,-0.23343778745424157,0.38724492778624187,0.47698974609375,-0.19573974609375,-0.1063232421875,0.8502197265625,0.3593288242735007,0.33337121366189926,0.3034114163524859
1589997308.591443,-1.84,-3.3,8.68,0.5555555555555556,0.04,-0.6888888888888889,0.061086523819801536,0.15707963267948966,-2.0703968251782734,4.184426881656405,-0.22689280275926282,0.39051742013373125,0.485595703125,-0.1951904296875,-0.107666015625,0.84527587890625,0.3593288242735007,0.33337121366189926,0.3034114163524859
1589997308.6002765,-1.85,-3.29,8.62,0.5555555555555556,0.04,-0.6888888888888889,0.061086523819801536,0.15817046346198613,-2.0463985479633515,4.204061835741341,-0.2203478180642841,0.394880743263717,0.49407958984375,-0.19464111328125,-0.10894775390625,0.84033203125,0.3593288242735007,0.33337121366189926,0.3034114163524859
1589997308.6115465,-1.82,-3.21,8.66,0.5555555555555556,0.04,-0.6888888888888889,0.061086523819801536,0.15817046346198613,-2.016946116835947,4.223696789826278,-0.21489366415180183,0.3981532356112064,0.50244140625,-0.19403076171875,-0.1102294921875,0.8353271484375,0.44194471376482086,0.4344734393227604,0.29969651553482884
1589997308.625851,-1.72,-3.27,8.77,0.5555555555555556,0.04,-0.6888888888888889,0.05017821599483697,0.16253378659197193,-1.9853120241435498,4.243331743911214,-0.2083486794568231,0.40142572795869574,0.51055908203125,-0.1934814453125,-0.11151123046875,0.830322265625,0.375164051001777,0.32083268013065175,0.2962453376934545
1589997308.631815,-1.69,-3.42,8.79,0.5633333333333334,0.08444444444444445,-0.7244444444444444,0.05126904677733343,0.14726215563702155,-1.9482237775386704,4.26296669799615,-0.20289452554434081,0.40469822030618513,0.51849365234375,-0.19293212890625,-0.11273193359375,0.82537841796875,0.375164051001777,0.32083268013065175,0.2962453376934545
1589997308.641499,-1.65,-3.42,8.75,0.5633333333333334,0.08444444444444445,-0.7244444444444444,0.05126904677733343,0.15053464798451094,-1.9078630385863016,4.28151082129859,-0.19634954084936207,0.40797071265367457,0.5262451171875,-0.19232177734375,-0.11395263671875,0.8204345703125,0.6002693134309355,0.32083268013065175,0.2962453376934545
1589997308.650849,-1.64,-3.42,8.59,0.5633333333333334,0.08444444444444445,-0.7244444444444444,0.05126904677733343,0.1407171709420428,-1.8675022996339325,4.300054944601029,-0.1908953869368798,0.41015237421866746,0.53375244140625,-0.19171142578125,-0.1151123046875,0.8155517578125,0.6002693134309355,0.41075044065421673,0.29969651553482884
1589997308.6644974,-1.48,-3.35,8.68,0.5633333333333334,0.08444444444444445,-0.7244444444444444,0.04036073895236887,0.148352986419518,-1.8173240836390958,4.317508237120972,-0.18435040224190105,0.4134248665661568,0.541015625,-0.191162109375,-0.1162109375,0.8106689453125,0.4308257391109686,0.316711414149526,0.3051113371361419
1589997308.6732626,-1.47,-3.35,8.64,0.5633333333333334,0.08444444444444445,-0.7244444444444444,0.04363323129985824,0.13853550937704992,-1.7715091907742444,4.334961529640916,-0.17889624832941878,0.41560652813114973,0.548095703125,-0.1905517578125,-0.1173095703125,0.805908203125,0.4308257391109686,0.316711414149526,0.3051113371361419
1589997308.6814528,-1.42,-3.36,8.67,0.5633333333333334,0.11,-0.7688888888888888,0.03490658503988659,0.14398966328953217,-1.7136951593019323,4.35241482216086,-0.17344209441693648,0.4177881896961426,0.55487060546875,-0.19000244140625,-0.11834716796875,0.80126953125,0.5460691446383974,0.316711414149526,0.3051113371361419
1589997308.6911626,-1.43,-3.46,8.8,0.5633333333333334,0.11,-0.7688888888888888,0.03599741582238304,0.13744467859455345,-1.6591536201771093,4.368777283898306,-0.1679879405044542,0.4199698512611355,0.5614013671875,-0.189453125,-0.11932373046875,0.79669189453125,0.5460691446383974,0.3982094308317678,0.33136596019053416
1589997308.701036,-1.35,-3.47,8.54,0.5633333333333334,0.11,-0.7688888888888888,0.04036073895236887,0.13744467859455345,-1.595885434792315,4.384048914853257,-0.16253378659197193,0.42215151282612845,0.56768798828125,-0.1888427734375,-0.12017822265625,0.792236328125,0.5569797040159007,0.3051113371361419,0.33136596019053416
1589997308.7116106,-1.31,-3.46,8.75,0.5633333333333334,0.11,-0.7688888888888888,0.01090830782496456,0.12762720155208535,-1.5369805725375063,4.399320545808207,-0.15817046346198613,0.42433317439112134,0.57366943359375,-0.1883544921875,-0.12115478515625,0.78790283203125,0.5569797040159007,0.3051113371361419,0.30895340572783037
1589997308.7231026,-1.31,-3.49,8.65,0.5633333333333334,0.11,-0.7688888888888888,0.014180800172453926,0.12980886311707826,-1.4758940487177048,4.414592176763158,-0.15271630954950383,0.4265148359561142,0.579345703125,-0.1878662109375,-0.12200927734375,0.78369140625,0.3291641949951565,0.3920522731410346,0.2398715985685605
1589997308.7346878,-1.25,-3.45,8.72,0.6022222222222222,0.09777777777777778,-0.76,0.008726646259971648,0.1308996938995747,-1.4158983556804,4.428772976935611,-0.148352986419518,0.42760566673861067,0.5848388671875,-0.1873779296875,-0.122802734375,0.77960205078125,0.33136596019053416,0.30895340572783037,0.2398715985685605
1589997308.7408824,-1.25,-3.46,8.66,0.6022222222222222,0.09777777777777778,-0.76,0.002181661564992912,0.12217304763960307,-1.3559026626430948,4.4418629463255686,-0.14398966328953217,0.42869649752110717,0.59002685546875,-0.1868896484375,-0.12359619140625,0.77569580078125,0.33136596019053416,0.30895340572783037,0.30895340572783037
1589997308.756398,-1.23,-3.54,8.6,0.6022222222222222,0.09777777777777778,-0.76,-0.001090830782496456,0.11562806294462433,-1.2893619849108109,4.4538620849330295,-0.13962634015954636,0.4308781590861001,0.59490966796875,-0.18646240234375,-0.12432861328125,0.77191162109375,0.3269896237620402,0.3920522731410346,0.22864012614037754
1589997308.762365,-1.22,-3.56,8.56,0.6022222222222222,0.09777777777777778,-0.76,-0.002181661564992912,0.10035643198967394,-1.2260937995260164,4.46586122354049,-0.13526301702956053,0.4319689898685966,0.59954833984375,-0.18597412109375,-0.125,0.768310546875,0.3269896237620402,0.3920522731410346,0.22864012614037754
1589997308.7777324,-1.19,-3.62,8.66,0.6022222222222222,0.09777777777777778,-0.76,-0.002181661564992912,0.08835729338221293,-1.162825614141222,4.477860362147952,-0.13199052468207118,0.43305982065109305,0.60394287109375,-0.185546875,-0.12567138671875,0.764892578125,0.30702113579835705,0.33337121366189926,0.31090853643828664
1589997308.7847764,-1.19,-3.63,8.7,0.5988888888888889,0.09,-0.8122222222222222,0.006544984694978735,0.08290313946973066,-1.0962849364089382,4.488768669972917,-0.12762720155208535,0.4341506514335895,0.60809326171875,-0.18505859375,-0.1263427734375,0.7615966796875,0.30702113579835705,0.33337121366189926,0.31090853643828664
1589997308.7956667,-1.18,-3.65,8.69,0.5988888888888889,0.09,-0.8122222222222222,0.014180800172453926,0.07635815477475191,-1.028653427894158,4.498586147015384,-0.12435470920459597,0.4341506514335895,0.6119384765625,-0.1845703125,-0.1268310546875,0.758544921875,0.2811853495413832,0.4457710691193347,0.3034114163524859
1589997308.8017678,-1.15,-3.59,8.66,0.5988888888888889,0.09,-0.8122222222222222,0.020725784867432664,0.06981317007977318,-0.9621127501618743,4.508403624057853,-0.12108221685710661,0.43524148221608594,0.61553955078125,-0.18408203125,-0.12725830078125,0.75567626953125,0.2811853495413832,0.4457710691193347,0.3034114163524859
1589997308.815435,-1.11,-3.68,8.68,0.5988888888888889,0.09,-0.8122222222222222,0.022907446432425576,0.07199483164476608,-0.892299580082101,4.517130270317824,-0.11780972450961724,0.43524148221608594,0.618896484375,-0.18359375,-0.12762451171875,0.75299072265625,0.29969651553482884,0.39510843012815433,0.3051113371361419
1589997308.8235571,-1.11,-3.73,8.74,0.5988888888888889,0.09,-0.8122222222222222,0.011999138607461015,0.062177354602297986,-0.8268497331323136,4.524766085795299,-0.11562806294462433,0.4363323129985824,0.6219482421875,-0.1832275390625,-0.12799072265625,0.75048828125,0.29969651553482884,0.39510843012815433,0.3051113371361419
1589997308.8317456,-1.08,-3.73,8.73,0.4888888888888889,0.056666666666666664,-0.6966666666666667,0.014180800172453926,0.05999569303730508,-0.7603090554000298,4.532401901272774,-0.11344640137963141,0.4363323129985824,0.624755859375,-0.18280029296875,-0.1282958984375,0.7481689453125,0.23759126105169737,0.39510843012815433,0.3051113371361419
1589997308.8419535,-1.09,-3.77,8.67,0.4888888888888889,0.056666666666666664,-0.6966666666666667,0.009817477042468103,0.05017821599483697,-0.6981317007977318,4.5389468859677535,-0.11017390903214205,0.4363323129985824,0.6273193359375,-0.1824951171875,-0.128662109375,0.74603271484375,0.23759126105169737,0.3470995556283895,0.3015432709413334
1589997308.8517456,-1.06,-3.73,8.6,0.4888888888888889,0.056666666666666664,-0.6966666666666667,0.014180800172453926,0.04581489286485115,-0.6370451769779303,4.545491870662731,-0.10799224746714915,0.4374231437810788,0.62969970703125,-0.18212890625,-0.12890625,0.74407958984375,0.29969651553482884,0.4344734393227604,0.3015432709413334
1589997308.862449,-1.07,-3.77,8.58,0.4888888888888889,0.056666666666666664,-0.6966666666666667,0.016362461737446838,0.039269908169872414,-0.5748678223756323,4.5509460245752145,-0.10690141668465267,0.4374231437810788,0.63177490234375,-0.18182373046875,-0.129150390625,0.74237060546875,0.29969651553482884,0.4344734393227604,0.3128869263878623
1589997308.8738112,-1.07,-3.77,8.66,0.4888888888888889,0.056666666666666664,-0.6966666666666667,0.009817477042468103,0.03599741582238304,-0.519235452468313,4.556400178487697,-0.10471975511965977,0.4374231437810788,0.6336669921875,-0.18157958984375,-0.12939453125,0.74078369140625,0.31468770072761004,0.34232915890069343,0.31090853643828664
1589997308.8822405,-1.04,-3.72,8.67,0.4811111111111111,0.14555555555555555,-0.6233333333333333,0.01090830782496456,0.02945243112740431,-0.45814892864851153,4.560763501617682,-0.10362892433716332,0.4374231437810788,0.6353759765625,-0.18133544921875,-0.1295166015625,0.7393798828125,0.31468770072761004,0.34232915890069343,0.31090853643828664
1589997308.8926563,-1.11,-3.9,9.08,0.4811111111111111,0.14555555555555555,-0.6233333333333333,0.01090830782496456,0.02617993877991494,-0.4036073895236887,4.565126824747668,-0.10144726277217041,0.4374231437810788,0.6368408203125,-0.1810302734375,-0.12957763671875,0.7381591796875,0.33136596019053416,0.42056425696985505,0.31468770072761004
1589997308.9015446,-0.93,-3.38,9.24,0.4811111111111111,0.14555555555555555,-0.6233333333333333,0.08290313946973066,-0.008726646259971648,-0.3457933580513765,4.568399317095158,-0.10035643198967394,0.4374231437810788,0.63818359375,-0.1805419921875,-0.12957763671875,0.73712158203125,0.33136596019053416,0.42056425696985505,0.31468770072761004
1589997308.91264,-0.85,-3.34,6.83,0.4811111111111111,0.14555555555555555,-0.6233333333333333,0.25198191075668136,-0.06872233929727672,-0.2825251726665821,4.570580978660151,-0.09817477042468103,0.43524148221608594,0.63934326171875,-0.17938232421875,-0.129150390625,0.7364501953125,0.33136596019053416,0.3015432709413334,0.3128869263878623
1589997308.923025,-1.09,-3.72,10.45,0.4811111111111111,0.14555555555555555,-0.6233333333333333,-0.15162547876700738,0.148352986419518,-0.20943951023931953,4.572762640225143,-0.09926560120717749,0.4363323129985824,0.64007568359375,-0.18023681640625,-0.12939453125,0.735595703125,0.33136596019053416,0.3015432709413334,0.3128869263878623
1589997308.932587,-0.96,-3.51,9.43,0.4988888888888889,0.2111111111111111,-0.6022222222222222,-0.24216443371421323,-0.01854412330243975,-0.19962203319685143,4.574944301790136,-0.09817477042468103,0.4385139745635753,0.64056396484375,-0.1807861328125,-0.1304931640625,0.73486328125,0.282659406116019,0.4074650127970809,0.30702113579835705
1589997308.9436991,-0.96,-3.53,8.13,0.4988888888888889,0.2111111111111111,-0.6022222222222222,0.13199052468207118,0.03599741582238304,-0.08835729338221293,4.576035132572633,-0.09817477042468103,0.4374231437810788,0.6409912109375,-0.18048095703125,-0.1300048828125,0.734619140625,0.28598735499456934,0.4074650127970809,0.30702113579835705
1589997308.9511676,-1.01,-3.71,8.75,0.4988888888888889,0.2111111111111111,-0.6022222222222222,0.017453292519943295,0.014180800172453926,-0.0370882466048795,4.576035132572633,-0.09817477042468103,0.4374231437810788,0.64117431640625,-0.180419921875,-0.12994384765625,0.7344970703125,0.28598735499456934,0.33136596019053416,0.3015432709413334
1589997308.9652276,-1.1,-3.77,9.22,0.4988888888888889,0.2111111111111111,-0.6022222222222222,-0.08944812416470939,-0.06326818538479445,-0.016362461737446838,4.576035132572633,-0.09708393964218458,0.4385139745635753,0.64111328125,-0.18048095703125,-0.1304931640625,0.73443603515625,0.29969651553482884,0.39510843012815433,0.31090853643828664
1589997308.9732108,-0.97,-3.64,8.08,0.4988888888888889,0.2111111111111111,-0.6022222222222222,0.042542400517361786,0.002181661564992912,0.06981317007977318,4.576035132572633,-0.09817477042468103,0.4385139745635753,0.640869140625,-0.18035888671875,-0.1302490234375,0.73468017578125,0.29969651553482884,0.39510843012815433,0.31090853643828664
1589997308.9857118,-1.1,-3.87,8.93,0.4866666666666667,0.24444444444444444,-0.6088888888888889,-0.01090830782496456,-0.01090830782496456,0.11780972450961724,4.574944301790136,-0.09817477042468103,0.4385139745635753,0.64044189453125,-0.18048095703125,-0.1302490234375,0.73504638671875,0.33337121366189926,0.461304233506186,0.3034114163524859
1589997308.9917722,-1.08,-3.85,8.52,0.4866666666666667,0.24444444444444444,-0.6088888888888889,-0.008726646259971648,-0.022907446432425576,0.16253378659197193,4.572762640225143,-0.09817477042468103,0.4374231437810788,0.63983154296875,-0.18048095703125,-0.13018798828125,0.735595703125,0.33337121366189926,0.461304233506186,0.3034114163524859
1589997309.0039785,-1.11,-3.93,8.73,0.4866666666666667,0.24444444444444444,-0.6088888888888889,0.019634954084936207,-0.02181661564992912,0.21707532571679475,4.570580978660151,-0.09926560120717749,0.4374231437810788,0.63909912109375,-0.18048095703125,-0.12994384765625,0.73626708984375,0.29969651553482884,0.46924345517404525,0.29969651553482884
1589997309.0117033,-1.11,-3.83,8.66,0.4866666666666667,0.24444444444444444,-0.6088888888888889,0.004363323129985824,-0.025089107997418484,0.2617993877991494,4.568399317095158,-0.10035643198967394,0.4374231437810788,0.63812255859375,-0.1805419921875,-0.12982177734375,0.73712158203125,0.29969651553482884,0.46924345517404525,0.29969651553482884
1589997309.0256245,-1.11,-3.81,8.61,0.4866666666666667,0.24444444444444444,-0.6088888888888889,0.014180800172453926,-0.030543261909900768,0.3010692959690219,4.565126824747668,-0.10144726277217041,0.4363323129985824,0.63702392578125,-0.18060302734375,-0.12957763671875,0.73809814453125,0.34232915890069343,0.4823119900107394,0.25500212132341
1589997309.031854,-1.12,-3.89,8.78,0.49333333333333335,0.25,-0.6088888888888889,0.008726646259971648,-0.032724923474893676,0.3403392041388943,4.561854332400179,-0.10253809355466686,0.4363323129985824,0.63580322265625,-0.1806640625,-0.12933349609375,0.73919677734375,0.34232915890069343,0.4823119900107394,0.25500212132341
1589997309.0426722,-1.13,-3.91,8.67,0.49333333333333335,0.25,-0.6088888888888889,0.0032724923474893677,-0.030543261909900768,0.3741549583962844,4.557491009270193,-0.10362892433716332,0.4363323129985824,0.63446044921875,-0.1807861328125,-0.1290283203125,0.7403564453125,0.34232915890069343,0.4863660959204594,0.25500212132341
1589997309.052818,-1.13,-3.92,8.67,0.49333333333333335,0.25,-0.6088888888888889,-0.00545415391248228,-0.038179077387375956,0.4025165587411922,4.554218516922703,-0.10471975511965977,0.43524148221608594,0.63299560546875,-0.180908203125,-0.12872314453125,0.74163818359375,0.34232915890069343,0.4863660959204594,0.3034114163524859
1589997309.0660243,-1.14,-3.88,8.59,0.49333333333333335,0.25,-0.6088888888888889,-0.001090830782496456,-0.03381575425739013,0.43524148221608594,4.549855193792718,-0.10690141668465267,0.43524148221608594,0.63134765625,-0.1810302734375,-0.12835693359375,0.7430419921875,0.3379095440748334,0.1918826046211334,0.33136596019053416
1589997309.0747235,-1.16,-3.92,8.76,0.49333333333333335,0.25,-0.6088888888888889,-0.01090830782496456,-0.038179077387375956,0.46687557490848314,4.545491870662731,-0.10799224746714915,0.4341506514335895,0.629638671875,-0.1812744140625,-0.12811279296875,0.7445068359375,0.3379095440748334,0.1918826046211334,0.33136596019053416
1589997309.0864108,-1.17,-3.86,8.57,0.5077777777777778,0.27111111111111114,-0.6166666666666667,-0.007635815477475192,-0.044724062082354694,0.5006913291658732,4.54003771675025,-0.11017390903214205,0.4341506514335895,0.6278076171875,-0.181396484375,-0.12774658203125,0.74609375,0.3470995556283895,0.1918826046211334,0.23640729479891587
1589997309.092495,-1.2,-3.9,8.71,0.5077777777777778,0.27111111111111114,-0.6166666666666667,-0.009817477042468103,-0.04363323129985824,0.5355979142057599,4.534583562837767,-0.1112647398146385,0.43305982065109305,0.6258544921875,-0.18157958984375,-0.12738037109375,0.74774169921875,0.3470995556283895,0.1918826046211334,0.23640729479891587
1589997309.1035118,-1.21,-3.93,8.51,0.5077777777777778,0.27111111111111114,-0.6166666666666667,-0.006544984694978735,-0.04690572364734761,0.5781403147231217,4.529129408925285,-0.11344640137963141,0.43305982065109305,0.62371826171875,-0.1817626953125,-0.126953125,0.74951171875,0.34953162930465587,0.16657462761459402,0.31468770072761004
1589997309.1171825,-1.21,-3.96,8.72,0.5077777777777778,0.27111111111111114,-0.6166666666666667,-0.009817477042468103,-0.04908738521234052,0.6217735460229799,4.522584424230307,-0.11562806294462433,0.4319689898685966,0.6214599609375,-0.18194580078125,-0.1265869140625,0.75146484375,0.34953162930465587,0.17148288912754864,0.3051113371361419
1589997309.1257546,-1.25,-3.88,8.76,0.5077777777777778,0.27111111111111114,-0.6166666666666667,-0.01090830782496456,-0.0545415391248228,0.6664976081053345,4.516039439535327,-0.11780972450961724,0.4308781590861001,0.61895751953125,-0.18218994140625,-0.12615966796875,0.7535400390625,0.34953162930465587,0.17148288912754864,0.3051113371361419
1589997309.1375635,-1.27,-3.94,8.8,0.5488888888888889,0.27111111111111114,-0.6311111111111111,-0.011999138607461015,-0.05999569303730508,0.7123125009701857,4.509494454840349,-0.12108221685710661,0.4308781590861001,0.61627197265625,-0.18243408203125,-0.125732421875,0.75567626953125,0.34953162930465587,0.15533003486345656,0.31468770072761004
1589997309.1443887,-1.2,-3.94,8.67,0.5488888888888889,0.27111111111111114,-0.6311111111111111,-0.022907446432425576,-0.0643590161672909,0.7483099167925688,4.501858639362873,-0.12326387842209952,0.42978732830360367,0.613525390625,-0.1827392578125,-0.12530517578125,0.75799560546875,0.34953162930465587,0.15533003486345656,0.31468770072761004
1589997309.156532,-1.19,-3.93,8.52,0.5488888888888889,0.27111111111111114,-0.6311111111111111,-0.015271630954950384,-0.061086523819801536,0.7875798249624412,4.494222823885399,-0.12544553998709243,0.42978732830360367,0.61053466796875,-0.18304443359375,-0.1248779296875,0.7603759765625,0.34022226900883096,0.14050310380151237,0.31090853643828664
1589997309.163784,-1.25,-3.9,8.67,0.5488888888888889,0.27111111111111114,-0.6311111111111111,-0.0272707695624114,-0.06544984694978735,0.8115781021773633,4.486587008407923,-0.1287180323345818,0.42869649752110717,0.60748291015625,-0.183349609375,-0.12445068359375,0.76275634765625,0.34022226900883096,0.14050310380151237,0.31090853643828664
1589997309.175964,-1.25,-3.9,8.66,0.5488888888888889,0.27111111111111114,-0.6311111111111111,-0.032724923474893676,-0.06763150851478027,0.8246680715673207,4.477860362147952,-0.1308996938995747,0.42760566673861067,0.6043701171875,-0.1837158203125,-0.1240234375,0.7652587890625,0.34022226900883096,0.229640590933506,0.33562603819066317
1589997309.1829212,-1.34,-3.91,8.71,0.6266666666666667,0.25,-0.6588888888888889,-0.025089107997418484,-0.06763150851478027,0.8290313946973066,4.470224546670476,-0.1341721862470641,0.42760566673861067,0.60125732421875,-0.18402099609375,-0.12359619140625,0.7677001953125,0.34022226900883096,0.229640590933506,0.33562603819066317
1589997309.1941855,-1.31,-3.85,8.7,0.6266666666666667,0.25,-0.6588888888888889,-0.032724923474893676,-0.06326818538479445,0.8312130562622995,4.461497900410505,-0.13635384781205698,0.4265148359561142,0.59808349609375,-0.18438720703125,-0.1231689453125,0.7701416015625,0.27340573595297823,0.19504180097134127,0.33562603819066317
1589997309.2044315,-1.4,-3.85,8.65,0.6266666666666667,0.25,-0.6588888888888889,-0.028361600344907853,-0.062177354602297986,0.8246680715673207,4.4538620849330295,-0.13962634015954636,0.4254240051736178,0.59490966796875,-0.1846923828125,-0.1226806640625,0.7725830078125,0.27340573595297823,0.19504180097134127,0.33562603819066317
1589997309.2148807,-1.43,-3.81,8.64,0.6266666666666667,0.25,-0.6588888888888889,-0.032724923474893676,-0.06544984694978735,0.8203047484373349,4.445135438673058,-0.14180800172453928,0.4254240051736178,0.591796875,-0.18505859375,-0.12225341796875,0.77496337890625,0.35199575785121906,0.4240506381044018,0.36192406818273803
1589997309.230434,-1.46,-3.85,8.72,0.6266666666666667,0.25,-0.6588888888888889,-0.02399827721492203,-0.0643590161672909,0.8115781021773633,4.437499623195583,-0.14508049407202864,0.42433317439112134,0.58868408203125,-0.18536376953125,-0.121826171875,0.77734375,0.2978707932085081,0.4074650127970809,0.3593288242735007
1589997309.2366974,-1.48,-3.78,8.71,0.8988888888888888,0.20444444444444446,-0.6966666666666667,-0.030543261909900768,-0.06654067773228381,0.8148505945248526,4.428772976935611,-0.14726215563702155,0.4232423436086249,0.58551025390625,-0.1856689453125,-0.121337890625,0.77972412109375,0.2978707932085081,0.4074650127970809,0.3593288242735007
1589997309.2441945,-1.55,-3.8,8.73,0.8988888888888888,0.20444444444444446,-0.6966666666666667,-0.030543261909900768,-0.06326818538479445,0.818123086872342,4.421137161458136,-0.15053464798451094,0.42215151282612845,0.5823974609375,-0.18597412109375,-0.12091064453125,0.78204345703125,0.2978707932085081,0.4074650127970809,0.3593288242735007
1589997309.2556558,-1.53,-3.75,8.55,0.8988888888888888,0.20444444444444446,-0.6966666666666667,-0.03490658503988659,-0.062177354602297986,0.8279405639148101,4.413501345980661,-0.15271630954950383,0.421060682043632,0.57916259765625,-0.18634033203125,-0.1204833984375,0.784423828125,0.3379095440748334,0.4778809308314024,0.32083268013065175
1589997309.2688315,-1.55,-3.77,8.61,0.8988888888888888,0.20444444444444446,-0.6966666666666667,-0.02945243112740431,-0.06544984694978735,0.8443030256522569,4.404774699720689,-0.15598880189699318,0.421060682043632,0.57586669921875,-0.1866455078125,-0.1199951171875,0.786865234375,0.24231655100742916,0.45722582472554457,0.32083268013065175
1589997309.275614,-1.56,-3.77,8.66,0.8988888888888888,0.20444444444444446,-0.6966666666666667,-0.039269908169872414,-0.0643590161672909,0.8639379797371932,4.396048053460717,-0.15817046346198613,0.4199698512611355,0.572509765625,-0.18701171875,-0.1195068359375,0.789306640625,0.24231655100742916,0.45722582472554457,0.32083268013065175
1589997309.282865,-1.56,-3.78,8.78,1.53,-0.13333333333333333,-1.0644444444444445,-0.03490658503988659,-0.06544984694978735,0.8835729338221293,4.387321407200746,-0.16144295580947549,0.41887902047863906,0.56903076171875,-0.1873779296875,-0.1190185546875,0.791748046875,0.24231655100742916,0.45722582472554457,0.32083268013065175
1589997309.2929902,-1.53,-3.75,8.67,1.53,-0.13333333333333333,-1.0644444444444445,-0.02945243112740431,-0.06326818538479445,0.8944812416470939,4.378594760940774,-0.16471544815696484,0.4177881896961426,0.5655517578125,-0.18768310546875,-0.1185302734375,0.79425048828125,0.3187595953260988,0.46924345517404525,0.36695276956707285
1589997309.3081884,-1.59,-3.8,8.63,1.53,-0.13333333333333333,-1.0644444444444445,-0.02945243112740431,-0.06763150851478027,0.8966629032120867,4.369868114680803,-0.16689710972195776,0.4166973589136462,0.56207275390625,-0.18804931640625,-0.11798095703125,0.7967529296875,0.23303536992048876,0.4492681034496481,0.3642899190747107
1589997309.3147814,-1.56,-3.78,8.61,1.53,-0.13333333333333333,-1.0644444444444445,-0.028361600344907853,-0.06544984694978735,0.8857545953871222,4.361141468420831,-0.17016960206944715,0.41560652813114973,0.55853271484375,-0.1883544921875,-0.11749267578125,0.7991943359375,0.23303536992048876,0.4492681034496481,0.3642899190747107
1589997309.3263838,-1.56,-3.81,8.76,1.53,-0.13333333333333333,-1.0644444444444445,-0.025089107997418484,-0.06654067773228381,0.8650288105196896,4.35241482216086,-0.17235126363444003,0.4145156973486533,0.55517578125,-0.18865966796875,-0.116943359375,0.80157470703125,0.34232915890069343,0.4240506381044018,0.3642899190747107
1589997309.333509,-1.54,-3.75,8.7,0.7777777777777778,-0.013333333333333334,-0.7322222222222222,-0.02399827721492203,-0.06326818538479445,0.8257589023498172,4.344779006683384,-0.17562375598192942,0.4134248665661568,0.5518798828125,-0.18890380859375,-0.116455078125,0.8038330078125,0.34232915890069343,0.4240506381044018,0.3863657601866544
1589997309.3446045,-1.58,-3.72,8.66,0.7777777777777778,-0.013333333333333334,-0.7322222222222222,-0.02399827721492203,-0.06326818538479445,0.7810348402674625,4.337143191205909,-0.1778054175469223,0.41233403578366035,0.54876708984375,-0.18914794921875,-0.11602783203125,0.80596923828125,0.23303536992048876,0.4240506381044018,0.3863657601866544
1589997309.3545785,-1.61,-3.73,8.61,0.7777777777777778,-0.013333333333333334,-0.7322222222222222,-0.019634954084936207,-0.05781403147231216,0.7264933011426397,4.329507375728434,-0.17998707911191522,0.4112432050011639,0.5458984375,-0.1893310546875,-0.1156005859375,0.80792236328125,0.23303536992048876,0.4074650127970809,0.3834344053953583
1589997309.3645525,-1.62,-3.68,8.61,0.7777777777777778,-0.013333333333333334,-0.7322222222222222,-0.02181661564992912,-0.056723200689815706,0.6686792696703274,4.322962391033455,-0.18216874067690814,0.41015237421866746,0.543212890625,-0.18951416015625,-0.115234375,0.80975341796875,0.40103947453341987,0.4074650127970809,0.3834344053953583
1589997309.3759336,-1.65,-3.63,8.66,0.7777777777777778,-0.013333333333333334,-0.7322222222222222,-0.020725784867432664,-0.05126904677733343,0.6065019150680295,4.316417406338476,-0.18435040224190105,0.409061543436171,0.54083251953125,-0.18963623046875,-0.11492919921875,0.8114013671875,0.40103947453341987,0.4457710691193347,0.3128869263878623
1589997309.3870118,-1.71,-3.6,8.72,0.6255555555555555,0.14333333333333334,-0.6733333333333333,-0.020725784867432664,-0.042542400517361786,0.5388704065532492,4.312054083208491,-0.1854412330243975,0.40797071265367457,0.53863525390625,-0.1898193359375,-0.1146240234375,0.81280517578125,0.33337121366189926,0.42056425696985505,0.31090853643828664
1589997309.393941,-1.77,-3.58,8.74,0.6255555555555555,0.14333333333333334,-0.6733333333333333,-0.016362461737446838,-0.038179077387375956,0.47560222116845474,4.306599929296008,-0.18653206380689397,0.40797071265367457,0.5367431640625,-0.18994140625,-0.11431884765625,0.8140869140625,0.33337121366189926,0.42056425696985505,0.31090853643828664
1589997309.404078,-1.67,-3.6,8.58,0.6255555555555555,0.14333333333333334,-0.6733333333333333,-0.01308996938995747,-0.03381575425739013,0.4232423436086249,4.302236606166022,-0.18871372537188688,0.40687988187117813,0.5350341796875,-0.1900634765625,-0.11407470703125,0.81524658203125,0.3982094308317678,0.4308257391109686,0.31090853643828664
1589997309.4188256,-1.74,-3.65,8.72,0.6255555555555555,0.14333333333333334,-0.6733333333333333,-0.011999138607461015,-0.0272707695624114,0.3817907738737596,4.298964113818533,-0.18980455615438332,0.40687988187117813,0.53350830078125,-0.19012451171875,-0.11383056640625,0.81622314453125,0.41713108403018173,0.42056425696985505,0.2962453376934545
1589997309.4265056,-1.67,-3.57,8.67,0.6255555555555555,0.14333333333333334,-0.6733333333333333,-0.015271630954950384,-0.02945243112740431,0.3403392041388943,4.295691621471043,-0.1908953869368798,0.40578905108868163,0.53216552734375,-0.190185546875,-0.1136474609375,0.817138671875,0.41713108403018173,0.42056425696985505,0.2978707932085081
1589997309.4383967,-1.7,-3.6,8.72,0.5811111111111111,0.16444444444444445,-0.7177777777777777,-0.0032724923474893677,-0.0272707695624114,0.3076142806640006,4.292419129123554,-0.1908953869368798,0.40578905108868163,0.53094482421875,-0.190185546875,-0.1134033203125,0.81793212890625,1.059510155722371,0.3015432709413334,0.2978707932085081
1589997309.4446018,-1.72,-3.58,8.78,0.5811111111111111,0.16444444444444445,-0.7177777777777777,-0.01308996938995747,-0.02617993877991494,0.26289021858164585,4.290237467558562,-0.19198621771937624,0.40469822030618513,0.5299072265625,-0.19024658203125,-0.11328125,0.81866455078125,1.059510155722371,0.3015432709413334,0.31090853643828664
1589997309.454483,-1.7,-3.65,8.65,0.5811111111111111,0.16444444444444445,-0.7177777777777777,-0.004363323129985824,-0.017453292519943295,0.222529479629277,4.288055805993568,-0.19307704850187268,0.40469822030618513,0.52899169921875,-0.19024658203125,-0.11309814453125,0.81927490234375,1.059510155722371,0.3015432709413334,0.31090853643828664
1589997309.4660091,-1.67,-3.69,8.67,0.5811111111111111,0.16444444444444445,-0.7177777777777777,-0.004363323129985824,-0.019634954084936207,0.16471544815696484,4.2858741444285755,-0.19307704850187268,0.4036073895236887,0.5283203125,-0.190185546875,-0.113037109375,0.8197021484375,0.6654759164079067,0.3015432709413334,0.3051113371361419
1589997309.4794936,-1.61,-3.68,8.69,0.5811111111111111,0.16444444444444445,-0.7177777777777777,0.0032724923474893677,-0.01308996938995747,0.09381144729469522,4.284783313646079,-0.19307704850187268,0.4036073895236887,0.5279541015625,-0.19012451171875,-0.113037109375,0.8199462890625,0.5096043784948763,0.33136596019053416,0.22439736427242424
1589997309.4861054,-1.56,-3.74,8.78,0.5733333333333334,0.12444444444444444,-0.7688888888888888,0.00545415391248228,0.0,0.004363323129985824,4.284783313646079,-0.19307704850187268,0.4036073895236887,0.52801513671875,-0.19000244140625,-0.113037109375,0.8199462890625,0.5096043784948763,0.33136596019053416,0.22439736427242424
1589997309.4987948,-1.45,-3.72,8.71,0.5733333333333334,0.12444444444444444,-0.7688888888888888,0.008726646259971648,0.00545415391248228,-0.10253809355466686,4.2858741444285755,-0.19198621771937624,0.4036073895236887,0.5284423828125,-0.1898193359375,-0.11322021484375,0.8197021484375,0.39510843012815433,0.32083268013065175,0.30895340572783037
1589997309.5053818,-1.45,-3.8,8.61,0.5733333333333334,0.12444444444444444,-0.7688888888888888,0.020725784867432664,0.016362461737446838,-0.22689280275926282,4.2891466367760644,-0.1908953869368798,0.40469822030618513,0.5294189453125,-0.1895751953125,-0.11346435546875,0.819091796875,0.39510843012815433,0.32083268013065175,0.30895340572783037
1589997309.5176065,-1.33,-3.78,8.65,0.5733333333333334,0.12444444444444444,-0.7688888888888888,0.022907446432425576,0.028361600344907853,-0.3850632662212489,4.292419129123554,-0.18980455615438332,0.40469822030618513,0.531005859375,-0.18927001953125,-0.11376953125,0.81805419921875,0.24468277624217724,0.41075044065421673,0.29445862267704453
1589997309.5261052,-1.22,-3.81,8.71,0.5733333333333334,0.12444444444444444,-0.7688888888888888,0.030543261909900768,0.04363323129985824,-0.5650503453331642,4.297873283036036,-0.18762289458939044,0.40578905108868163,0.5333251953125,-0.18902587890625,-0.11407470703125,0.81658935546875,0.24468277624217724,0.41075044065421673,0.29445862267704453
1589997309.5369933,-15.64,-15.18,-1.27,0.5133333333333333,0.09222222222222222,-0.6377777777777778,-1.028653427894158,3.1121402224623886,-2.1358466721280607,4.3240532218159515,-0.20725784867432664,0.421060682043632,0.54241943359375,-0.2027587890625,-0.112060546875,0.8074951171875,0.20871238407865772,0.461304233506186,0.29445862267704453
1589997309.5438695,4.39,-1.9,-2.35,0.5133333333333333,0.09222222222222222,-0.6377777777777778,-1.028653427894158,3.1121402224623886,-2.1358466721280607,4.350233160595867,-0.22580197197676635,0.4385139745635753,0.5513916015625,-0.2164306640625,-0.1099853515625,0.79815673828125,0.20871238407865772,0.461304233506186,0.29445862267704453
1589997309.5540204,4.72,-1.06,-0.35,0.5133333333333333,0.09222222222222222,-0.6377777777777778,-0.39924406639370286,-2.901609881440573,-7.249661380471447,4.413501345980661,-0.17016960206944715,0.4526947747360292,0.5770263671875,-0.2022705078125,-0.12677001953125,0.78106689453125,0.24468277624217724,0.36695276956707285,0.29445862267704453
1589997309.564233,0.56,-2.45,0.82,0.5133333333333333,0.09222222222222222,-0.6377777777777778,-0.3523383427463553,-0.41015237421866746,-7.36856193576356,4.4833145160604335,-0.13526301702956053,0.4657847441259867,0.6038818359375,-0.19708251953125,-0.1363525390625,0.76019287109375,0.24468277624217724,0.36695276956707285,0.3034114163524859
1589997309.575893,0.18,-1.52,-0.14,0.5133333333333333,0.09222222222222222,-0.6377777777777778,-0.1308996938995747,-0.053450708342326333,-7.0478576857096025,4.552036855357711,-0.10362892433716332,0.4745113903859583,0.6292724609375,-0.1925048828125,-0.14361572265625,0.7391357421875,0.1828820421604963,0.41075044065421673,0.3034114163524859
1589997309.5840402,-0.03,-1.53,0.02,0.5077777777777778,0.2822222222222222,-0.6311111111111111,-0.11890055529211369,0.16580627893946132,-6.7653325130430195,4.617486702307498,-0.07526732399225547,0.4810563750809371,0.65313720703125,-0.18865966796875,-0.1497802734375,0.7178955078125,0.1828820421604963,0.41075044065421673,0.26883851941761866
1589997309.5959134,-0.5,-1.88,1.98,0.5077777777777778,0.2822222222222222,-0.6311111111111111,-0.1308996938995747,0.2683443724941282,-6.498078971331387,4.680754887692292,-0.04799655442984406,0.4854196982109229,0.6754150390625,-0.1851806640625,-0.1552734375,0.69671630859375,0.21534520499234777,0.34469892955945086,0.3051113371361419
1589997309.6042376,0.29,-3.94,3.62,0.5077777777777778,0.2822222222222222,-0.6311111111111111,1.261000384565903,1.9820395317960606,-5.886122902350876,4.74293224229459,-0.038179077387375956,0.47560222116845474,0.69757080078125,-0.1832275390625,-0.14971923828125,0.67626953125,0.21534520499234777,0.34469892955945086,0.3051113371361419
1589997309.6144118,-0.11,1.36,6.8,0.5077777777777778,0.2822222222222222,-0.6311111111111111,2.4009185522746996,3.1383201612423037,-5.256713540850421,4.801837104549399,-0.042542400517361786,0.45487643630102215,0.71881103515625,-0.1815185546875,-0.1358642578125,0.65716552734375,0.17735473788829537,0.42056425696985505,0.3051113371361419
1589997309.631999,3.11,2.94,6.29,0.5077777777777778,0.2822222222222222,-0.6311111111111111,0.6512259771503842,-0.32834006553143325,-4.823653720199328,4.847651997414251,-0.019634954084936207,0.4494222823885398,0.73431396484375,-0.17498779296875,-0.13909912109375,0.64093017578125,0.1880465837723575,0.4492681034496481,0.30895340572783037
1589997309.638009,1.72,-1.76,11.44,0.3888888888888889,0.43555555555555553,-0.5911111111111111,0.062177354602297986,-0.20398535632683729,-4.42004633067564,4.890194397931612,0.0,0.4494222823885398,0.747802734375,-0.17108154296875,-0.14337158203125,0.62530517578125,0.1880465837723575,0.4492681034496481,0.30895340572783037
1589997309.6487405,2.13,-1.02,9.8,0.3888888888888889,0.43555555555555553,-0.5911111111111111,0.20289452554434081,0.8257589023498172,-4.088433772796717,4.931645967666477,0.009817477042468103,0.44724062082354693,0.7607421875,-0.16998291015625,-0.14312744140625,0.60986328125,0.17735473788829537,0.45722582472554457,0.30895340572783037
1589997309.6545904,1.41,-0.74,7.32,0.3888888888888889,0.43555555555555553,-0.5911111111111111,-0.28034351110158917,1.0897399517139594,-3.789546138392688,4.969825045053853,0.016362461737446838,0.4494222823885398,0.77227783203125,-0.171630859375,-0.14300537109375,0.59466552734375,0.17735473788829537,0.45722582472554457,0.31468770072761004
1589997309.6694994,1.34,-1.31,6.34,0.3888888888888889,0.43555555555555553,-0.5911111111111111,0.09708393964218458,0.09053895494720585,-3.509202627291099,5.0047316300937394,0.030543261909900768,0.4483314516060434,0.78240966796875,-0.1690673828125,-0.14532470703125,0.58148193359375,0.17605539363637818,0.42056425696985505,0.31468770072761004
1589997309.6766155,1.03,-2.2,8.18,0.3888888888888889,0.43555555555555553,-0.5911111111111111,0.4625122517784973,-0.5726861608106394,-3.250675731839439,5.034184061221144,0.04908738521234052,0.4428772976935611,0.79144287109375,-0.16339111328125,-0.1488037109375,0.56988525390625,0.17605539363637818,0.42056425696985505,0.31090853643828664
1589997309.688592,0.86,-1.98,6.76,0.3377777777777778,0.4811111111111111,-0.6022222222222222,0.09381144729469522,0.2127120025868089,-2.952878928217906,5.063636492348548,0.05890486225480862,0.4406956361285682,0.79974365234375,-0.16143798828125,-0.1500244140625,0.55841064453125,0.17403966483628833,0.42056425696985505,0.3128869263878623
1589997309.694825,1.11,-2.44,8.32,0.3377777777777778,0.4811111111111111,-0.6022222222222222,-0.222529479629277,0.74176493209759,-2.6518096322488844,5.09090726191096,0.06326818538479445,0.4406956361285682,0.80718994140625,-0.162353515625,-0.14984130859375,0.54736328125,0.17403966483628833,0.42056425696985505,0.3128869263878623
1589997309.7088833,0.37,-2.07,8.6,0.3377777777777778,0.4811111111111111,-0.6022222222222222,-0.24870941840919195,0.6784967467127956,-2.451096768269536,5.115996369908379,0.06763150851478027,0.44178646691106466,0.81396484375,-0.163330078125,-0.1497802734375,0.53704833984375,0.1966163583842376,0.3805443575158459,0.31468770072761004
1589997309.7151756,0.69,-3.25,10.71,0.3377777777777778,0.4811111111111111,-0.6022222222222222,0.06654067773228381,0.04799655442984406,-2.3431045208023873,5.138903816340804,0.07744898555724837,0.43960480534607177,0.820068359375,-0.1614990234375,-0.1512451171875,0.52777099609375,0.1966163583842376,0.3805443575158459,0.31468770072761004
1589997309.7268214,0.55,-2.28,7.31,0.3377777777777778,0.4811111111111111,-0.6022222222222222,0.16471544815696484,0.18871372537188688,-2.072578486743266,5.159629601208237,0.0839939702522271,0.4363323129985824,0.8255615234375,-0.1597900390625,-0.15167236328125,0.51947021484375,0.1733773150206484,0.3805443575158459,0.31468770072761004
1589997309.7341368,0.3,-2.63,8.77,0.25333333333333335,0.5433333333333333,-0.6166666666666667,-0.04363323129985824,0.12217304763960307,-1.7889624832941877,5.17708289372818,0.09053895494720585,0.43524148221608594,0.830078125,-0.15899658203125,-0.15264892578125,0.51220703125,0.1733773150206484,0.3890400161097513,0.3128869263878623
1589997309.745003,0.3,-2.63,8.77,0.25333333333333335,0.5433333333333333,-0.6166666666666667,-0.04363323129985824,0.12217304763960307,-1.7889624832941877,5.17708289372818,0.09053895494720585,0.43524148221608594,0.830078125,-0.15899658203125,-0.15264892578125,0.51220703125,0.1991514388644779,0.3805443575158459,0.31468770072761004
1589997309.755582,0.51,-2.49,6.98,0.25333333333333335,0.5433333333333333,-0.6166666666666667,0.09599310885968812,0.07744898555724837,-1.2664545384783854,5.204353663290592,0.09926560120717749,0.4308781590861001,0.83721923828125,-0.15655517578125,-0.1534423828125,0.50103759765625,0.1991514388644779,0.3805443575158459,0.31468770072761004
1589997309.7656643,0.49,-2.81,8.88,0.25333333333333335,0.5433333333333333,-0.6166666666666667,-0.04908738521234052,0.10253809355466686,-1.0210176124166828,5.214171140333059,0.10253809355466686,0.42978732830360367,0.8397216796875,-0.15625,-0.1539306640625,0.49676513671875,0.16718914608078803,0.3863657601866544,0.31468770072761004
1589997309.7781625,0.37,-2.54,7.64,0.25333333333333335,0.5433333333333333,-0.6166666666666667,0.04145156973486533,0.04036073895236887,-0.779944009484966,5.221806955810535,0.10581058590215622,0.42869649752110717,0.8416748046875,-0.1556396484375,-0.15423583984375,0.49359130859375,0.16718914608078803,0.3863657601866544,0.3051113371361419
1589997309.7896454,0.57,-3.08,9.45,0.2088888888888889,0.5866666666666667,-0.6077777777777778,0.015271630954950384,0.03599741582238304,-0.5061454830783556,5.227261109723017,0.10690141668465267,0.42869649752110717,0.8428955078125,-0.1552734375,-0.1544189453125,0.49151611328125,0.1934096543416117,0.42056425696985505,0.31468770072761004
1589997309.8013651,0.45,-2.77,8.02,0.2088888888888889,0.5866666666666667,-0.6077777777777778,-0.01308996938995747,0.02399827721492203,-0.21162117180431245,5.22944277128801,0.10799224746714915,0.42869649752110717,0.8433837890625,-0.15521240234375,-0.154541015625,0.4906005859375,0.16421783953901528,0.4275914443905159,0.2978707932085081
1589997309.8080778,0.61,-3.22,9.49,0.2088888888888889,0.5866666666666667,-0.6077777777777778,0.042542400517361786,-0.007635815477475192,0.08835729338221293,5.228351940505513,0.10799224746714915,0.42760566673861067,0.84320068359375,-0.15509033203125,-0.15435791015625,0.49102783203125,0.16421783953901528,0.4275914443905159,0.2978707932085081
1589997309.8208911,2.04,-6.47,3.47,0.2088888888888889,0.5866666666666667,-0.6077777777777778,-0.6501351463678877,-0.4941463444708945,1.4966198335851375,5.213080309550563,0.10581058590215622,0.4363323129985824,0.83880615234375,-0.15771484375,-0.15679931640625,0.49700927734375,0.19108791688100496,0.42056425696985505,0.29969651553482884
1589997309.8271866,-0.55,-0.15,7.95,0.2088888888888889,0.5866666666666667,-0.6077777777777778,-0.20507618710933373,-0.08290313946973066,2.8732482810956648,5.184718709205655,0.09490227807719166,0.4406956361285682,0.83154296875,-0.1605224609375,-0.1553955078125,0.50848388671875,0.19108791688100496,0.42056425696985505,0.29969651553482884
1589997309.8410707,-2.16,-2.41,14.55,0.18444444444444444,0.5955555555555555,-0.6222222222222222,0.8486663487822427,0.11890055529211369,3.0008754826477504,5.155266278078251,0.0818123086872342,0.4341506514335895,0.8248291015625,-0.15960693359375,-0.1505126953125,0.52105712890625,0.19108791688100496,0.4381793078164114,0.2978707932085081
1589997309.8472009,-1.33,-2.07,7.75,0.18444444444444444,0.5955555555555555,-0.6222222222222222,0.13199052468207118,-0.23125612588924865,2.953969759000403,5.126904677733343,0.07090400086226964,0.43524148221608594,0.8172607421875,-0.16064453125,-0.1488037109375,0.5330810546875,0.19108791688100496,0.4381793078164114,0.2978707932085081
1589997309.8594928,-0.2,-3.39,12.2,0.18444444444444444,0.5955555555555555,-0.6222222222222222,-0.6283185307179586,-0.34470252726888007,2.923426497090502,5.097452246605939,0.062177354602297986,0.4428772976935611,0.80889892578125,-0.164306640625,-0.14947509765625,0.54443359375,0.19108791688100496,0.4457710691193347,0.29969651553482884
1589997309.865483,0.2,-3.0,10.32,0.18444444444444444,0.5955555555555555,-0.6222222222222222,-0.1854412330243975,-0.23780111058422737,3.0172379443851973,5.067999815478534,0.05235987755982988,0.44724062082354693,0.800537109375,-0.16656494140625,-0.14849853515625,0.55621337890625,0.19108791688100496,0.4457710691193347,0.29969651553482884
1589997309.8777485,-0.59,-2.56,7.36,0.18444444444444444,0.5955555555555555,-0.6222222222222222,0.13744467859455345,-0.12762720155208535,3.1470468075022757,5.037456553568633,0.04036073895236887,0.4461497900410505,0.7919921875,-0.16796875,-0.14605712890625,0.56854248046875,0.18951686557583097,0.4457710691193347,0.29969651553482884
1589997309.8851073,0.0,-2.97,8.14,0.25222222222222224,0.5844444444444444,-0.6522222222222223,-0.2585268954516601,-0.296705972839036,3.221223300712034,5.005822460876236,0.028361600344907853,0.45051311317103626,0.7825927734375,-0.17034912109375,-0.145263671875,0.58087158203125,0.18951686557583097,0.4650333589250033,0.2978707932085081
1589997309.9007025,0.15,-3.2,9.11,0.25222222222222224,0.5844444444444444,-0.6522222222222223,-0.17344209441693648,-0.26725354171163174,3.2986722862692828,4.973097537401343,0.017453292519943295,0.4526947747360292,0.77288818359375,-0.172607421875,-0.14404296875,0.5933837890625,0.18951686557583097,0.46924345517404525,0.3269896237620402
1589997309.9071815,-0.26,-3.34,8.33,0.25222222222222224,0.5844444444444444,-0.6522222222222223,0.007635815477475192,-0.2301652951067522,3.3706671179140493,4.940372613926449,0.00545415391248228,0.4526947747360292,0.762939453125,-0.17425537109375,-0.14208984375,0.60614013671875,0.18951686557583097,0.46924345517404525,0.3269896237620402
1589997309.918459,0.02,-3.82,10.11,0.25222222222222224,0.5844444444444444,-0.6522222222222223,-0.1854412330243975,-0.2585268954516601,3.4372077956463327,4.906556859669059,-0.006544984694978735,0.45487643630102215,0.75244140625,-0.176513671875,-0.140625,0.61883544921875,0.19422252240126142,0.33337121366189926,0.3015432709413334
1589997309.927597,-0.11,-3.28,7.76,0.25222222222222224,0.5844444444444444,-0.6522222222222223,-0.10471975511965977,-0.2596177262341565,3.4917493347711557,4.871650274629172,-0.01854412330243975,0.45487643630102215,0.7415771484375,-0.178466796875,-0.138916015625,0.631591796875,0.19422252240126142,0.33337121366189926,0.3015432709413334
1589997309.938408,-0.2,-3.74,9.1,0.30666666666666664,0.5577777777777778,-0.6644444444444444,-0.12544553998709243,-0.26289021858164585,3.5255650890285457,4.8367436895892855,-0.031634092692397225,0.45596726708351865,0.73040771484375,-0.18048095703125,-0.13714599609375,0.644287109375,0.16718914608078803,0.44194471376482086,0.33136596019053416
1589997309.9457204,-0.87,-6.35,8.68,0.30666666666666664,0.5577777777777778,-0.6644444444444444,-0.19962203319685143,-0.26725354171163174,3.673918075448064,4.800746273766903,-0.044724062082354694,0.45596726708351865,0.718505859375,-0.1827392578125,-0.135498046875,0.65728759765625,0.16718914608078803,0.44194471376482086,0.33136596019053416
1589997309.9560134,5.18,-13.45,10.09,0.30666666666666664,0.5577777777777778,-0.6644444444444444,-0.42433317439112134,-0.4974188368183839,2.7805276645834662,4.772384673421995,-0.05235987755982988,0.459239759431008,0.7088623046875,-0.1844482421875,-0.1361083984375,0.66705322265625,0.14977239731682176,0.41408574428279465,0.33136596019053416
1589997309.9669847,-1.93,0.82,6.97,0.30666666666666664,0.5577777777777778,-0.6644444444444444,-0.15162547876700738,0.05781403147231216,-1.325359400733194,4.785474642811953,-0.04690572364734761,0.46142142099600086,0.71307373046875,-0.18426513671875,-0.1375732421875,0.662353515625,0.14977239731682176,0.41408574428279465,0.30895340572783037
1589997309.978468,-2.41,-0.29,16.12,0.30666666666666664,0.5577777777777778,-0.6644444444444444,0.8966629032120867,0.5366887449882564,-1.327541062298187,4.799655442984406,-0.04581489286485115,0.4526947747360292,0.71844482421875,-0.1820068359375,-0.134033203125,0.6578369140625,0.17470676109466768,0.42056425696985505,0.34953162930465587
1589997309.985734,-4.74,-4.95,6.52,0.37777777777777777,0.49,-0.6711111111111111,0.47560222116845474,-0.0370882466048795,-1.1115565673638887,4.81056375080937,-0.04145156973486533,0.4494222823885398,0.72235107421875,-0.17950439453125,-0.13360595703125,0.654296875,0.17470676109466768,0.42056425696985505,0.34953162930465587
1589997309.9965124,-3.65,-5.22,13.43,0.37777777777777777,0.49,-0.6711111111111111,-0.5323254218582705,0.15271630954950383,-0.35997415822383044,4.81383624315686,-0.04145156973486533,0.45487643630102215,0.72314453125,-0.181640625,-0.13507080078125,0.652587890625,0.1548477846304735,0.42056425696985505,0.3015432709413334
1589997310.0111313,-0.86,-2.47,9.04,0.37777777777777777,0.49,-0.6711111111111111,-0.1679879405044542,-0.17453292519943295,0.5399612373357456,4.808382089244377,-0.04145156973486533,0.45596726708351865,0.72119140625,-0.1820068359375,-0.1357421875,0.65447998046875,0.17874196928420766,0.4275914443905159,0.33136596019053416
1589997310.0172205,-0.67,-2.46,8.33,0.37777777777777777,0.49,-0.6711111111111111,-0.03599741582238304,-0.020725784867432664,0.8464846872172498,4.800746273766903,-0.04581489286485115,0.45596726708351865,0.71844482421875,-0.1826171875,-0.13519287109375,0.657470703125,0.17874196928420766,0.4275914443905159,0.33136596019053416
1589997310.0323849,-0.86,-4.46,8.48,0.37777777777777777,0.49,-0.6711111111111111,-0.07635815477475191,-0.10690141668465267,1.0962849364089382,4.789837965941938,-0.04908738521234052,0.45596726708351865,0.71478271484375,-0.18328857421875,-0.13482666015625,0.66131591796875,0.17026257035808856,0.3015432709413334,0.3723890828255631
1589997310.038325,7.51,-11.98,7.25,0.38555555555555554,0.48444444444444446,-0.6788888888888889,-0.0545415391248228,-0.13199052468207118,1.3166327544732224,4.776747996551981,-0.053450708342326333,0.45596726708351865,0.71044921875,-0.18389892578125,-0.13433837890625,0.6658935546875,0.17026257035808856,0.3015432709413334,0.3723890828255631
1589997310.0502882,-0.01,-6.19,7.84,0.38555555555555554,0.48444444444444446,-0.6788888888888889,-0.02617993877991494,0.011999138607461015,-0.12217304763960307,4.7778388273344765,-0.053450708342326333,0.45596726708351865,0.7108154296875,-0.1839599609375,-0.13446044921875,0.66546630859375,0.2007888161675293,0.2909449891581246,0.28598735499456934
1589997310.0561492,-3.61,-2.22,9.27,0.38555555555555554,0.48444444444444446,-0.6788888888888889,0.16580627893946132,0.11235557059713495,-0.4112432050011639,4.782202150464463,-0.05235987755982988,0.45487643630102215,0.71234130859375,-0.1834716796875,-0.1339111328125,0.6640625,0.2007888161675293,0.2909449891581246,0.28598735499456934
1589997310.0701225,0.61,-4.06,8.41,0.38555555555555554,0.48444444444444446,-0.6788888888888889,-0.07744898555724837,-0.042542400517361786,0.21707532571679475,4.78002048889947,-0.053450708342326333,0.45596726708351865,0.7115478515625,-0.1837158203125,-0.13409423828125,0.664794921875,0.190299360217477,0.3187595953260988,0.30702113579835705
1589997310.0789814,0.69,-6.92,8.93,0.38555555555555554,0.48444444444444446,-0.6788888888888889,-0.08944812416470939,-0.06326818538479445,0.20289452554434081,4.7778388273344765,-0.053450708342326333,0.45596726708351865,0.71075439453125,-0.1839599609375,-0.13446044921875,0.66552734375,0.190299360217477,0.3187595953260988,0.30702113579835705
1589997310.0894527,-0.47,-4.37,8.69,0.4,0.47555555555555556,-0.6711111111111111,0.061086523819801536,0.011999138607461015,-0.05999569303730508,4.7778388273344765,-0.053450708342326333,0.45596726708351865,0.71099853515625,-0.18377685546875,-0.13427734375,0.66534423828125,0.19504180097134127,0.3187595953260988,0.31468770072761004
1589997310.09667,-0.18,-4.98,8.6,0.4,0.47555555555555556,-0.6711111111111111,0.007635815477475192,0.0032724923474893677,-0.006544984694978735,4.7778388273344765,-0.053450708342326333,0.45596726708351865,0.71099853515625,-0.18377685546875,-0.13427734375,0.66534423828125,0.19504180097134127,0.3187595953260988,0.31468770072761004
1589997310.107017,-0.16,-4.59,8.33,0.4,0.47555555555555556,-0.6711111111111111,-0.01308996938995747,-0.002181661564992912,0.001090830782496456,4.7778388273344765,-0.053450708342326333,0.45596726708351865,0.71099853515625,-0.183837890625,-0.13427734375,0.665283203125,0.190299360217477,0.4778809308314024,0.2703449835453029
1589997310.1170332,-0.12,-4.64,8.72,0.4,0.47555555555555556,-0.6711111111111111,0.011999138607461015,-0.001090830782496456,0.0,4.7778388273344765,-0.053450708342326333,0.45596726708351865,0.71099853515625,-0.18377685546875,-0.13427734375,0.66534423828125,0.190299360217477,0.4778809308314024,0.2703449835453029
1589997310.1294065,-0.17,-4.71,8.66,0.4,0.47555555555555556,-0.6711111111111111,0.001090830782496456,0.0,0.0,4.7778388273344765,-0.053450708342326333,0.45596726708351865,0.71099853515625,-0.18377685546875,-0.13427734375,0.66534423828125,0.1991514388644779,0.4778809308314024,0.23189340531280003
1589997310.1370265,-0.15,-4.63,8.7,0.4,0.4688888888888889,-0.6666666666666666,0.007635815477475192,-0.001090830782496456,0.0032724923474893677,4.7778388273344765,-0.053450708342326333,0.45596726708351865,0.71099853515625,-0.18377685546875,-0.13427734375,0.66534423828125,0.1991514388644779,0.4778809308314024,0.23189340531280003
1589997310.1490538,-0.15,-4.59,8.59,0.4,0.4688888888888889,-0.6666666666666666,-0.01090830782496456,-0.002181661564992912,0.0,4.7778388273344765,-0.053450708342326333,0.45596726708351865,0.71099853515625,-0.18377685546875,-0.13427734375,0.665283203125,0.19422252240126142,0.42056425696985505,0.2811853495413832
1589997310.1601422,-0.17,-4.68,8.56,0.4,0.4688888888888889,-0.6666666666666666,-0.0032724923474893677,-0.002181661564992912,0.0032724923474893677,4.7778388273344765,-0.053450708342326333,0.45596726708351865,0.71099853515625,-0.18377685546875,-0.13427734375,0.665283203125,0.19586756439365977,0.4240506381044018,0.2811853495413832
1589997310.1684365,-0.15,-4.7,8.59,0.4,0.4688888888888889,-0.6666666666666666,-0.00545415391248228,-0.002181661564992912,-0.001090830782496456,4.778929658116973,-0.05235987755982988,0.4570580978660151,0.71099853515625,-0.183837890625,-0.13482666015625,0.6651611328125,0.19586756439365977,0.4240506381044018,0.2811853495413832
1589997310.1807284,-0.17,-4.7,8.69,0.4,0.4688888888888889,-0.6666666666666666,0.00545415391248228,0.001090830782496456,0.001090830782496456,4.778929658116973,-0.05126904677733343,0.4570580978660151,0.71099853515625,-0.18389892578125,-0.13531494140625,0.66510009765625,0.1934096543416117,0.4240506381044018,0.2811853495413832
1589997310.1875956,-0.17,-4.69,8.62,0.38555555555555554,0.47555555555555556,-0.6644444444444444,-0.002181661564992912,-0.001090830782496456,0.0032724923474893677,4.778929658116973,-0.05126904677733343,0.45814892864851153,0.71099853515625,-0.1839599609375,-0.13580322265625,0.66497802734375,0.1934096543416117,0.3863657601866544,0.2703449835453029
1589997310.2019565,-0.18,-4.64,8.72,0.38555555555555554,0.47555555555555556,-0.6644444444444444,0.001090830782496456,-0.0032724923474893677,0.0,4.778929658116973,-0.05017821599483697,0.459239759431008,0.71099853515625,-0.1839599609375,-0.13616943359375,0.66485595703125,0.19586756439365977,0.3834344053953583,0.34953162930465587
1589997310.208102,-0.16,-4.7,8.48,0.38555555555555554,0.47555555555555556,-0.6644444444444444,-0.006544984694978735,0.0,0.0,4.778929658116973,-0.05017821599483697,0.459239759431008,0.71099853515625,-0.18402099609375,-0.13665771484375,0.66473388671875,0.19586756439365977,0.3834344053953583,0.34953162930465587
1589997310.220567,-0.15,-4.64,8.65,0.38555555555555554,0.47555555555555556,-0.6644444444444444,0.002181661564992912,-0.001090830782496456,0.0,4.778929658116973,-0.04908738521234052,0.4603305902135044,0.71099853515625,-0.18408203125,-0.1370849609375,0.6646728515625,0.1934096543416117,0.4042283755220455,0.29969651553482884
1589997310.2301962,-0.13,-4.72,8.55,0.38555555555555554,0.47555555555555556,-0.6644444444444444,0.002181661564992912,0.001090830782496456,0.001090830782496456,4.778929658116973,-0.04908738521234052,0.4603305902135044,0.71099853515625,-0.18414306640625,-0.13751220703125,0.66455078125,0.1934096543416117,0.4042283755220455,0.29969651553482884
1589997310.2412345,-0.14,-4.65,8.72,0.39222222222222225,0.4633333333333333,-0.6711111111111111,0.006544984694978735,-0.004363323129985824,0.002181661564992912,4.78002048889947,-0.04799655442984406,0.46142142099600086,0.7110595703125,-0.18414306640625,-0.137939453125,0.6644287109375,0.19504180097134127,0.3982094308317678,0.3128869263878623
1589997310.2482426,-0.15,-4.66,8.63,0.39222222222222225,0.4633333333333333,-0.6711111111111111,-0.002181661564992912,-0.002181661564992912,-0.001090830782496456,4.78002048889947,-0.04799655442984406,0.46142142099600086,0.7110595703125,-0.18414306640625,-0.1383056640625,0.66436767578125,0.19504180097134127,0.3982094308317678,0.3128869263878623
1589997310.2612054,-0.17,-4.65,8.57,0.39222222222222225,0.4633333333333333,-0.6711111111111111,-0.006544984694978735,0.0032724923474893677,0.002181661564992912,4.78002048889947,-0.04690572364734761,0.4625122517784973,0.7110595703125,-0.1842041015625,-0.138671875,0.664306640625,0.1934096543416117,0.3890400161097513,0.31468770072761004
1589997310.2676158,-0.16,-4.74,8.5,0.39222222222222225,0.4633333333333333,-0.6711111111111111,-0.009817477042468103,-0.002181661564992912,-0.002181661564992912,4.78002048889947,-0.04690572364734761,0.4636030825609938,0.7110595703125,-0.18426513671875,-0.13909912109375,0.6641845703125,0.1934096543416117,0.3890400161097513,0.31468770072761004
1589997310.2808828,-0.14,-4.68,8.59,0.39222222222222225,0.4633333333333333,-0.6711111111111111,-0.001090830782496456,-0.001090830782496456,0.001090830782496456,4.78002048889947,-0.04581489286485115,0.4636030825609938,0.7110595703125,-0.184326171875,-0.13946533203125,0.6640625,0.190299360217477,0.3834344053953583,0.30895340572783037
1589997310.28845,-0.15,-4.64,8.66,0.4,0.4888888888888889,-0.6788888888888889,0.001090830782496456,0.001090830782496456,-0.001090830782496456,4.78002048889947,-0.04581489286485115,0.46469391334349025,0.7110595703125,-0.184326171875,-0.13983154296875,0.66400146484375,0.190299360217477,0.3834344053953583,0.30895340572783037
1589997310.3003852,-0.15,-4.66,8.74,0.4,0.4888888888888889,-0.6788888888888889,0.00545415391248228,-0.002181661564992912,0.001090830782496456,4.78002048889947,-0.044724062082354694,0.46469391334349025,0.7110595703125,-0.184326171875,-0.14007568359375,0.6639404296875,0.1934096543416117,0.41408574428279465,0.32083268013065175
1589997310.3141544,-0.16,-4.68,8.54,0.4,0.4888888888888889,-0.6788888888888889,-0.002181661564992912,0.001090830782496456,0.0,4.78002048889947,-0.044724062082354694,0.46469391334349025,0.7110595703125,-0.18438720703125,-0.14044189453125,0.66387939453125,0.20253976807889823,0.3982094308317678,0.32083268013065175
1589997310.3209507,-0.14,-4.67,8.59,0.4,0.4888888888888889,-0.6788888888888889,-0.001090830782496456,0.002181661564992912,0.0,4.781111319681966,-0.04363323129985824,0.4657847441259867,0.7110595703125,-0.18438720703125,-0.1407470703125,0.66375732421875,0.20253976807889823,0.3982094308317678,0.32083268013065175
1589997310.335171,-0.15,-4.69,8.61,0.4,0.4888888888888889,-0.6788888888888889,0.0,0.0,0.002181661564992912,4.781111319681966,-0.04363323129985824,0.4657847441259867,0.7110595703125,-0.1844482421875,-0.14105224609375,0.6636962890625,0.1934096543416117,0.40103947453341987,0.3128869263878623
1589997310.3411784,-0.16,-4.64,8.68,0.4,0.48333333333333334,-0.6577777777777778,0.004363323129985824,0.001090830782496456,0.0032724923474893677,4.781111319681966,-0.04363323129985824,0.46687557490848314,0.7110595703125,-0.1844482421875,-0.14129638671875,0.66363525390625,0.1934096543416117,0.40103947453341987,0.3128869263878623
1589997310.3536794,-0.15,-4.61,8.66,0.4,0.48333333333333334,-0.6577777777777778,0.001090830782496456,0.0,0.001090830782496456,4.781111319681966,-0.042542400517361786,0.46687557490848314,0.7110595703125,-0.1844482421875,-0.14154052734375,0.66357421875,0.17213175073889517,0.3982094308317678,0.3128869263878623
1589997310.3603356,-0.16,-4.68,8.56,0.4,0.48333333333333334,-0.6577777777777778,0.001090830782496456,0.001090830782496456,0.0,4.781111319681966,-0.042542400517361786,0.46687557490848314,0.7110595703125,-0.1844482421875,-0.141845703125,0.66351318359375,0.17213175073889517,0.3982094308317678,0.3128869263878623
1589997310.3720243,-0.16,-4.67,8.56,0.4,0.48333333333333334,-0.6577777777777778,-0.008726646259971648,0.002181661564992912,-0.001090830782496456,4.781111319681966,-0.042542400517361786,0.4679664056909796,0.7110595703125,-0.18450927734375,-0.14208984375,0.6634521484375,0.19422252240126142,0.41408574428279465,0.316711414149526
1589997310.3812356,-0.16,-4.7,8.62,0.4,0.48333333333333334,-0.6577777777777778,-0.006544984694978735,0.0,0.001090830782496456,4.781111319681966,-0.04145156973486533,0.4679664056909796,0.7110595703125,-0.18450927734375,-0.142333984375,0.66339111328125,0.19422252240126142,0.41408574428279465,0.316711414149526
1589997310.3924131,-0.16,-4.65,8.67,0.4,0.48333333333333334,-0.6644444444444444,0.0,0.001090830782496456,-0.001090830782496456,4.781111319681966,-0.04145156973486533,0.4679664056909796,0.7110595703125,-0.1845703125,-0.142578125,0.663330078125,0.17470676109466768,0.41408574428279465,0.32083268013065175
1589997310.398713,-0.15,-4.69,8.65,0.4,0.48333333333333334,-0.6644444444444444,0.0032724923474893677,0.001090830782496456,0.002181661564992912,4.781111319681966,-0.04145156973486533,0.469057236473476,0.7110595703125,-0.1845703125,-0.142822265625,0.66326904296875,0.17470676109466768,0.41408574428279465,0.32083268013065175
1589997310.4126072,-0.14,-4.65,8.55,0.4,0.48333333333333334,-0.6644444444444444,0.002181661564992912,-0.001090830782496456,0.001090830782496456,4.781111319681966,-0.04036073895236887,0.469057236473476,0.7110595703125,-0.1845703125,-0.14306640625,0.6632080078125,0.19504180097134127,0.4457710691193347,0.3227201175914994
1589997310.4188564,-0.13,-4.67,8.57,0.4,0.48333333333333334,-0.6644444444444444,0.0,0.002181661564992912,-0.002181661564992912,4.781111319681966,-0.04036073895236887,0.469057236473476,0.7110595703125,-0.1845703125,-0.14337158203125,0.66314697265625,0.19504180097134127,0.4457710691193347,0.3227201175914994
1589997310.4314528,-0.16,-4.67,8.64,0.4,0.48333333333333334,-0.6644444444444444,-0.001090830782496456,0.004363323129985824,0.0,4.781111319681966,-0.04036073895236887,0.4701480672559725,0.7110595703125,-0.18463134765625,-0.1435546875,0.6630859375,0.190299360217477,0.44194471376482086,0.2811853495413832
1589997310.4387615,-0.17,-4.67,8.67,0.4,0.47555555555555556,-0.6577777777777778,0.001090830782496456,0.001090830782496456,0.0,4.782202150464463,-0.04036073895236887,0.4701480672559725,0.7110595703125,-0.18463134765625,-0.143798828125,0.66302490234375,0.190299360217477,0.44194471376482086,0.2811853495413832
1589997310.4486039,-0.15,-4.66,8.67,0.4,0.47555555555555556,-0.6577777777777778,0.002181661564992912,-0.001090830782496456,0.0,4.782202150464463,-0.039269908169872414,0.4701480672559725,0.7110595703125,-0.18463134765625,-0.14398193359375,0.66302490234375,0.19504180097134127,0.4492681034496481,0.2811853495413832
1589997310.458976,-0.16,-4.67,8.56,0.4,0.47555555555555556,-0.6577777777777778,-0.0032724923474893677,-0.001090830782496456,0.002181661564992912,4.782202150464463,-0.039269908169872414,0.47123889803846897,0.7110595703125,-0.18463134765625,-0.1441650390625,0.6629638671875,0.19504180097134127,0.4492681034496481,0.34022226900883096
1589997310.4689562,-0.15,-4.66,8.6,0.4,0.47555555555555556,-0.6577777777777778,-0.002181661564992912,0.0,0.0,4.782202150464463,-0.039269908169872414,0.47123889803846897,0.7110595703125,-0.1846923828125,-0.1444091796875,0.66290283203125,0.1918826046211334,0.4492681034496481,0.34022226900883096
1589997310.4857945,-0.16,-4.68,8.61,0.4,0.47555555555555556,-0.6577777777777778,-0.004363323129985824,0.0,0.001090830782496456,4.782202150464463,-0.038179077387375956,0.47123889803846897,0.7110595703125,-0.1846923828125,-0.14459228515625,0.662841796875,0.1934096543416117,0.4492681034496481,0.2398715985685605
1589997310.4922695,-0.12,-4.68,8.66,0.39222222222222225,0.47555555555555556,-0.6788888888888889,-0.002181661564992912,-0.0032724923474893677,0.002181661564992912,4.782202150464463,-0.038179077387375956,0.47123889803846897,0.7110595703125,-0.1846923828125,-0.144775390625,0.66278076171875,0.1934096543416117,0.4492681034496481,0.2398715985685605
1589997310.4991527,-0.15,-4.68,8.61,0.39222222222222225,0.47555555555555556,-0.6788888888888889,0.0,0.0,0.001090830782496456,4.782202150464463,-0.038179077387375956,0.4723297288209654,0.7110595703125,-0.1846923828125,-0.14501953125,0.66278076171875,0.1934096543416117,0.4492681034496481,0.2398715985685605
1589997310.509758,-0.17,-4.64,8.56,0.39222222222222225,0.47555555555555556,-0.6788888888888889,0.002181661564992912,0.0,0.002181661564992912,4.782202150464463,-0.038179077387375956,0.4723297288209654,0.7110595703125,-0.18475341796875,-0.14520263671875,0.6627197265625,0.18951686557583097,0.4492681034496481,0.26311038413585025
1589997310.5247242,-0.14,-4.64,8.62,0.39222222222222225,0.47555555555555556,-0.6788888888888889,0.001090830782496456,-0.001090830782496456,0.002181661564992912,4.782202150464463,-0.0370882466048795,0.4723297288209654,0.7110595703125,-0.18475341796875,-0.14532470703125,0.66265869140625,0.19504180097134127,0.461304233506186,0.2222782388442573
1589997310.5323784,-0.14,-4.67,8.65,0.39222222222222225,0.47555555555555556,-0.6788888888888889,0.0,-0.001090830782496456,0.001090830782496456,4.782202150464463,-0.0370882466048795,0.4723297288209654,0.7110595703125,-0.18475341796875,-0.1455078125,0.66265869140625,0.19504180097134127,0.461304233506186,0.2222782388442573
1589997310.5431285,-0.15,-4.69,8.64,0.38555555555555554,0.48333333333333334,-0.6644444444444444,-0.002181661564992912,0.001090830782496456,0.0,4.782202150464463,-0.0370882466048795,0.47342055960346185,0.7110595703125,-0.18475341796875,-0.14569091796875,0.66259765625,0.17470676109466768,0.41408574428279465,0.26311038413585025
1589997310.5498748,-0.16,-4.68,8.66,0.38555555555555554,0.48333333333333334,-0.6644444444444444,-0.001090830782496456,0.0,0.0,4.782202150464463,-0.0370882466048795,0.47342055960346185,0.7110595703125,-0.18475341796875,-0.1458740234375,0.66253662109375,0.17470676109466768,0.41408574428279465,0.26311038413585025
1589997310.5634189,-0.17,-4.68,8.56,0.38555555555555554,0.48333333333333334,-0.6644444444444444,-0.001090830782496456,-0.001090830782496456,0.002181661564992912,4.782202150464463,-0.0370882466048795,0.47342055960346185,0.7110595703125,-0.184814453125,-0.14605712890625,0.66253662109375,0.19504180097134127,0.42056425696985505,0.2978707932085081
1589997310.5700428,-0.16,-4.66,8.63,0.38555555555555554,0.48333333333333334,-0.6644444444444444,-0.001090830782496456,0.001090830782496456,-0.001090830782496456,4.782202150464463,-0.03599741582238304,0.47342055960346185,0.7110595703125,-0.184814453125,-0.14617919921875,0.6624755859375,0.19504180097134127,0.42056425696985505,0.2978707932085081
1589997310.5825393,-0.17,-4.65,8.62,0.38555555555555554,0.48333333333333334,-0.6644444444444444,-0.00545415391248228,0.001090830782496456,0.001090830782496456,4.782202150464463,-0.03599741582238304,0.4745113903859583,0.7110595703125,-0.184814453125,-0.1463623046875,0.66241455078125,0.20253976807889823,0.41408574428279465,0.25231358798780756
1589997310.5892875,-0.13,-4.67,8.65,0.4,0.47555555555555556,-0.6788888888888889,-0.006544984694978735,0.002181661564992912,-0.001090830782496456,4.782202150464463,-0.03599741582238304,0.4745113903859583,0.7110595703125,-0.184814453125,-0.146484375,0.66241455078125,0.20253976807889823,0.41408574428279465,0.25231358798780756
1589997310.5993376,-0.15,-4.67,8.59,0.4,0.47555555555555556,-0.6788888888888889,0.001090830782496456,0.0,0.0,4.782202150464463,-0.03599741582238304,0.4745113903859583,0.7110595703125,-0.184814453125,-0.14666748046875,0.662353515625,0.19504180097134127,0.4275914443905159,0.25231358798780756
1589997310.6095624,-0.15,-4.68,8.56,0.4,0.47555555555555556,-0.6788888888888889,0.004363323129985824,0.001090830782496456,-0.002181661564992912,4.78329298124696,-0.03599741582238304,0.4745113903859583,0.7110595703125,-0.18487548828125,-0.14678955078125,0.66229248046875,0.19504180097134127,0.4275914443905159,0.29969651553482884
1589997310.6197078,-0.13,-4.66,8.59,0.4,0.47555555555555556,-0.6788888888888889,0.001090830782496456,0.0,0.0,4.78329298124696,-0.03490658503988659,0.47560222116845474,0.7110595703125,-0.18487548828125,-0.14697265625,0.66229248046875,0.19504180097134127,0.4275914443905159,0.29969651553482884
1589997310.6381912,-0.15,-4.66,8.63,0.4,0.47555555555555556,-0.6788888888888889,-0.001090830782496456,0.002181661564992912,0.0,4.78329298124696,-0.03490658503988659,0.47560222116845474,0.7110595703125,-0.18487548828125,-0.1470947265625,0.6622314453125,0.19422252240126142,0.4308257391109686,0.31090853643828664
1589997310.6439002,-0.15,-4.69,8.64,0.39222222222222225,0.47555555555555556,-0.6788888888888889,-0.0032724923474893677,0.002181661564992912,0.0,4.78329298124696,-0.03490658503988659,0.47560222116845474,0.7110595703125,-0.18487548828125,-0.14727783203125,0.6622314453125,0.19422252240126142,0.4308257391109686,0.31090853643828664
1589997310.6506445,-0.17,-4.67,8.65,0.39222222222222225,0.47555555555555556,-0.6788888888888889,-0.004363323129985824,0.0,-0.001090830782496456,4.78329298124696,-0.03490658503988659,0.47560222116845474,0.7110595703125,-0.18487548828125,-0.14739990234375,0.66217041015625,0.19422252240126142,0.4308257391109686,0.31090853643828664
1589997310.6620975,-0.16,-4.67,8.56,0.39222222222222225,0.47555555555555556,-0.6788888888888889,-0.001090830782496456,-0.0032724923474893677,0.001090830782496456,4.78329298124696,-0.03490658503988659,0.47560222116845474,0.7110595703125,-0.1849365234375,-0.14752197265625,0.66217041015625,0.19586756439365977,0.4778809308314024,0.25231358798780756
1589997310.6708527,-0.15,-4.66,8.63,0.39222222222222225,0.47555555555555556,-0.6788888888888889,0.002181661564992912,0.002181661564992912,0.001090830782496456,4.78329298124696,-0.03381575425739013,0.47560222116845474,0.7110595703125,-0.1849365234375,-0.14764404296875,0.662109375,0.19586756439365977,0.4778809308314024,0.25231358798780756
1589997310.682086,-0.16,-4.7,8.64,0.39222222222222225,0.47555555555555556,-0.6788888888888889,-0.0032724923474893677,0.002181661564992912,0.001090830782496456,4.78329298124696,-0.03381575425739013,0.4766930519509512,0.7110595703125,-0.1849365234375,-0.14776611328125,0.66204833984375,0.19586756439365977,0.29969651553482884,0.3051113371361419
1589997310.6944172,-0.14,-4.68,8.66,0.4122222222222222,0.4955555555555556,-0.6644444444444444,-0.006544984694978735,-0.002181661564992912,0.001090830782496456,4.78329298124696,-0.03381575425739013,0.4766930519509512,0.7110595703125,-0.1849365234375,-0.14794921875,0.66204833984375,0.19586756439365977,0.4778809308314024,0.25231358798780756
1589997310.700366,-0.13,-4.68,8.64,0.4122222222222222,0.4955555555555556,-0.6644444444444444,-0.001090830782496456,0.0,0.001090830782496456,4.78329298124696,-0.03381575425739013,0.4766930519509512,0.7110595703125,-0.1849365234375,-0.1480712890625,0.6619873046875,0.19586756439365977,0.4778809308314024,0.25231358798780756
1589997310.7142825,-0.15,-4.66,8.55,0.4122222222222222,0.4955555555555556,-0.6644444444444444,0.001090830782496456,-0.001090830782496456,0.0,4.78329298124696,-0.03381575425739013,0.4766930519509512,0.7110595703125,-0.1849365234375,-0.148193359375,0.6619873046875,0.16899545024994653,0.41713108403018173,0.26311038413585025
1589997310.7204876,-0.13,-4.67,8.61,0.4122222222222222,0.4955555555555556,-0.6644444444444444,0.002181661564992912,-0.002181661564992912,-0.001090830782496456,4.78329298124696,-0.03381575425739013,0.4766930519509512,0.7110595703125,-0.18499755859375,-0.1483154296875,0.66192626953125,0.16899545024994653,0.41713108403018173,0.26311038413585025
1589997310.7327268,-0.15,-4.65,8.65,0.4122222222222222,0.4955555555555556,-0.6644444444444444,0.0032724923474893677,-0.001090830782496456,0.0032724923474893677,4.78329298124696,-0.032724923474893676,0.4777838827334477,0.7110595703125,-0.18499755859375,-0.1484375,0.66192626953125,0.19422252240126142,0.41713108403018173,0.26311038413585025
1589997310.74049,-0.14,-4.66,8.65,0.39222222222222225,0.47555555555555556,-0.6788888888888889,0.0,-0.001090830782496456,0.0032724923474893677,4.78329298124696,-0.032724923474893676,0.4777838827334477,0.7110595703125,-0.18499755859375,-0.1485595703125,0.661865234375,0.19422252240126142,0.4457710691193347,0.23759126105169737
1589997310.7501292,-0.16,-4.68,8.64,0.39222222222222225,0.47555555555555556,-0.6788888888888889,-0.004363323129985824,0.0,0.002181661564992912,4.78329298124696,-0.032724923474893676,0.4777838827334477,0.7110595703125,-0.18499755859375,-0.148681640625,0.661865234375,0.18951686557583097,0.4457710691193347,0.23759126105169737
1589997310.7601385,-0.16,-4.68,8.54,0.39222222222222225,0.47555555555555556,-0.6788888888888889,-0.001090830782496456,-0.0032724923474893677,0.0032724923474893677,4.78329298124696,-0.032724923474893676,0.4777838827334477,0.7110595703125,-0.18499755859375,-0.14874267578125,0.661865234375,0.18951686557583097,0.4074650127970809,0.29445862267704453
1589997310.7710233,-0.16,-4.68,8.58,0.39222222222222225,0.47555555555555556,-0.6788888888888889,0.0,0.001090830782496456,-0.001090830782496456,4.78329298124696,-0.032724923474893676,0.4777838827334477,0.7110595703125,-0.18499755859375,-0.14886474609375,0.66180419921875,0.19586756439365977,0.4074650127970809,0.29445862267704453
1589997310.7865148,-0.14,-4.65,8.66,0.39222222222222225,0.47555555555555556,-0.6788888888888889,-0.001090830782496456,0.002181661564992912,-0.001090830782496456,4.78329298124696,-0.032724923474893676,0.4777838827334477,0.7110595703125,-0.18499755859375,-0.14898681640625,0.66180419921875,0.1918826046211334,0.4344734393227604,0.29969651553482884
1589997310.7943244,-0.16,-4.66,8.67,0.37777777777777777,0.4688888888888889,-0.6711111111111111,-0.001090830782496456,0.001090830782496456,0.001090830782496456,4.78329298124696,-0.032724923474893676,0.4777838827334477,0.7110595703125,-0.18499755859375,-0.14910888671875,0.6617431640625,0.1918826046211334,0.4344734393227604,0.33136596019053416
1589997310.800644,-0.17,-4.69,8.65,0.37777777777777777,0.4688888888888889,-0.6711111111111111,-0.0032724923474893677,-0.002181661564992912,0.0032724923474893677,4.78329298124696,-0.032724923474893676,0.4788747135159442,0.7110595703125,-0.18505859375,-0.149169921875,0.6617431640625,0.1918826046211334,0.4344734393227604,0.33136596019053416
1589997310.812432,-0.14,-4.68,8.54,0.37777777777777777,0.4688888888888889,-0.6711111111111111,-0.001090830782496456,0.0,0.001090830782496456,4.78329298124696,-0.031634092692397225,0.4788747135159442,0.7110595703125,-0.18505859375,-0.1492919921875,0.66168212890625,0.19504180097134127,0.4778809308314024,0.19745465193801706
1589997310.8208694,-0.16,-4.69,8.62,0.37777777777777777,0.4688888888888889,-0.6711111111111111,0.0032724923474893677,0.001090830782496456,0.0,4.78329298124696,-0.031634092692397225,0.4788747135159442,0.7110595703125,-0.18505859375,-0.1494140625,0.66168212890625,0.19504180097134127,0.4778809308314024,0.19745465193801706
1589997310.8334165,-0.15,-4.67,8.65,0.37777777777777777,0.4688888888888889,-0.6711111111111111,0.002181661564992912,0.001090830782496456,0.002181661564992912,4.78329298124696,-0.031634092692397225,0.4788747135159442,0.7110595703125,-0.18505859375,-0.14947509765625,0.66168212890625,0.19260312356931525,0.45722582472554457,0.3291641949951565
1589997310.8459866,-0.15,-4.66,8.66,0.37333333333333335,0.47555555555555556,-0.6577777777777778,0.001090830782496456,-0.001090830782496456,0.0,4.78329298124696,-0.031634092692397225,0.4788747135159442,0.7110595703125,-0.18505859375,-0.14959716796875,0.66162109375,0.19586756439365977,0.4778809308314024,0.3291641949951565
1589997310.851704,-0.19,-4.67,8.61,0.37333333333333335,0.47555555555555556,-0.6577777777777778,-0.001090830782496456,0.002181661564992912,0.0,4.784383812029456,-0.031634092692397225,0.4788747135159442,0.7110595703125,-0.18505859375,-0.149658203125,0.66162109375,0.19586756439365977,0.4778809308314024,0.2016607393254627
1589997310.860567,-0.15,-4.68,8.53,0.37333333333333335,0.47555555555555556,-0.6577777777777778,-0.002181661564992912,-0.001090830782496456,0.002181661564992912,4.784383812029456,-0.031634092692397225,0.4788747135159442,0.7110595703125,-0.18511962890625,-0.1497802734375,0.66162109375,0.19586756439365977,0.4778809308314024,0.2016607393254627
1589997310.872015,-0.15,-4.69,8.57,0.37333333333333335,0.47555555555555556,-0.6577777777777778,-0.002181661564992912,0.004363323129985824,0.002181661564992912,4.784383812029456,-0.031634092692397225,0.4799655442984406,0.7110595703125,-0.18511962890625,-0.14990234375,0.66156005859375,0.1934096543416117,0.4650333589250033,0.32083268013065175
1589997310.8875422,-0.16,-4.68,8.63,0.37333333333333335,0.47555555555555556,-0.6577777777777778,-0.001090830782496456,0.002181661564992912,0.0,4.784383812029456,-0.031634092692397225,0.4799655442984406,0.7110595703125,-0.18511962890625,-0.14996337890625,0.66156005859375,0.19586756439365977,0.4778809308314024,0.22439736427242424
1589997310.8940325,-0.15,-4.68,8.66,0.39222222222222225,0.4688888888888889,-0.6711111111111111,0.0,0.002181661564992912,0.001090830782496456,4.784383812029456,-0.030543261909900768,0.4799655442984406,0.7110595703125,-0.18511962890625,-0.15008544921875,0.6614990234375,0.19586756439365977,0.4778809308314024,0.22439736427242424
1589997310.9024734,-0.15,-4.66,8.66,0.39222222222222225,0.4688888888888889,-0.6711111111111111,0.0,0.0,-0.001090830782496456,4.784383812029456,-0.030543261909900768,0.4799655442984406,0.7110595703125,-0.18511962890625,-0.150146484375,0.6614990234375,0.19422252240126142,0.4778809308314024,0.22439736427242424
1589997310.9105375,-0.13,-4.69,8.55,0.39222222222222225,0.4688888888888889,-0.6711111111111111,-0.001090830782496456,0.0032724923474893677,0.001090830782496456,4.784383812029456,-0.030543261909900768,0.4799655442984406,0.7110595703125,-0.18511962890625,-0.1502685546875,0.6614990234375,0.19422252240126142,0.4650333589250033,0.3890400161097513
1589997310.924927,-0.15,-4.67,8.61,0.39222222222222225,0.4688888888888889,-0.6711111111111111,0.0,0.006544984694978735,-0.002181661564992912,4.784383812029456,-0.030543261909900768,0.4799655442984406,0.7110595703125,-0.1851806640625,-0.15032958984375,0.66143798828125,0.19504180097134127,0.4778809308314024,0.1966163583842376
1589997310.933757,-0.13,-4.67,8.67,0.39222222222222225,0.4688888888888889,-0.6711111111111111,0.002181661564992912,0.001090830782496456,0.0,4.784383812029456,-0.030543261909900768,0.4799655442984406,0.7110595703125,-0.1851806640625,-0.15045166015625,0.66143798828125,0.19504180097134127,0.4778809308314024,0.1966163583842376
1589997310.9450116,-0.15,-4.66,8.67,0.4,0.47555555555555556,-0.6666666666666666,0.0032724923474893677,-0.002181661564992912,0.002181661564992912,4.784383812029456,-0.030543261909900768,0.4799655442984406,0.7110595703125,-0.1851806640625,-0.1505126953125,0.66143798828125,0.1934096543416117,0.4381793078164114,0.32083268013065175
1589997310.9507847,-0.18,-4.66,8.68,0.4,0.47555555555555556,-0.6666666666666666,0.002181661564992912,0.002181661564992912,0.0,4.784383812029456,-0.030543261909900768,0.4799655442984406,0.7110595703125,-0.1851806640625,-0.15057373046875,0.661376953125,0.1934096543416117,0.4381793078164114,0.32083268013065175
1589997310.9608815,-0.15,-4.69,8.53,0.4,0.47555555555555556,-0.6666666666666666,-0.001090830782496456,0.001090830782496456,-0.0032724923474893677,4.784383812029456,-0.030543261909900768,0.4810563750809371,0.7110595703125,-0.1851806640625,-0.150634765625,0.661376953125,0.19504180097134127,0.4344734393227604,0.32083268013065175
1589997310.9709167,-0.16,-4.68,8.57,0.4,0.47555555555555556,-0.6666666666666666,-0.002181661564992912,0.0,-0.002181661564992912,4.784383812029456,-0.030543261909900768,0.4810563750809371,0.7110595703125,-0.1851806640625,-0.1507568359375,0.661376953125,0.19504180097134127,0.4344734393227604,0.26311038413585025
1589997310.984318,-0.14,-4.66,8.63,0.4,0.47555555555555556,-0.6666666666666666,-0.002181661564992912,0.0,-0.001090830782496456,4.784383812029456,-0.02945243112740431,0.4810563750809371,0.7110595703125,-0.1851806640625,-0.15081787109375,0.66131591796875,0.1934096543416117,0.4308257391109686,0.30702113579835705
1589997310.9915314,-0.13,-4.66,8.66,0.37777777777777777,0.4888888888888889,-0.6577777777777778,0.001090830782496456,0.0,-0.001090830782496456,4.784383812029456,-0.02945243112740431,0.4810563750809371,0.7110595703125,-0.1851806640625,-0.15087890625,0.66131591796875,0.1934096543416117,0.4308257391109686,0.30702113579835705
1589997311.0032992,-0.16,-4.66,8.66,0.37777777777777777,0.4888888888888889,-0.6577777777777778,0.004363323129985824,0.001090830782496456,0.0,4.784383812029456,-0.02945243112740431,0.4810563750809371,0.7110595703125,-0.1851806640625,-0.15093994140625,0.66131591796875,0.19260312356931525,0.4344734393227604,0.26311038413585025
1589997311.0117154,-0.16,-4.67,8.55,0.37777777777777777,0.4888888888888889,-0.6577777777777778,0.0032724923474893677,0.0032724923474893677,0.0,4.784383812029456,-0.02945243112740431,0.4810563750809371,0.7110595703125,-0.1851806640625,-0.15106201171875,0.6612548828125,0.19260312356931525,0.4344734393227604,0.26311038413585025
1589997311.0233984,-0.16,-4.69,8.55,0.37777777777777777,0.4888888888888889,-0.6577777777777778,-0.001090830782496456,0.002181661564992912,-0.001090830782496456,4.784383812029456,-0.02945243112740431,0.4810563750809371,0.7110595703125,-0.1851806640625,-0.151123046875,0.6612548828125,0.19260312356931525,0.4344734393227604,0.3051113371361419
1589997311.0381088,-0.15,-4.65,8.62,0.37777777777777777,0.4888888888888889,-0.6577777777777778,0.0,-0.001090830782496456,-0.001090830782496456,4.784383812029456,-0.02945243112740431,0.4810563750809371,0.7110595703125,-0.18524169921875,-0.15118408203125,0.6612548828125,0.18951686557583097,0.46924345517404525,0.25760627616834847
